1	224.243
1.5	195.542
2	175.042
2.5	161.588
3	146.731
3.5	143.162
4	146.276
4.5	148.437
5	156.143
5.5	165.835
6	159.904
6.5	159.85
7.5	146.759
8.5	147.44
9.5	152.071
10.5	150.293
11.5	152.239
12.5	149.41
13.5	144.021
14.5	147.185
15.5	147.775
16.5	141.045
17.5	145.671
18.5	137.343
19.5	149.656
20.5	154.88
21.5	150.506
22.5	154.854
23.5	157.459
24.5	161.726
25.5	159.633
26.5	148.201
27.5	143.676
28.5	145.078
29.5	143.801
30.5	142.823
31.5	132.664
32.5	123.697
33.5	132.104
34.5	137.891
35.5	147.008
36.5	144.659
37.5	154.04
38.5	160.929
39.5	158.139
40.5	156.442
41.5	161.713
42.5	178.041
43.5	173.306
44.5	178.283
45.5	166.137
46.5	167.401
47.5	150.334
48.5	150.38
49.5	139.163
50.5	137.15
51.5	139.115
52.5	128.63
53.5	129.39
54.5	125.376
55.5	133.259
56.5	134.946
57.5	144.067
58.5	144.892
59.5	158.753
60.5	157.783
61.5	167.017
62.5	172.064
63.5	165.613
64.5	176.832
65.5	174.733
66.5	167.197
67.5	172.485
68.5	164.898
69.5	166.925
70.5	161.035
71.5	154.37
72.5	164.318
73.5	162.513
74.5	152.762
75.5	162.51
76.5	162.232
77.5	149.822
78.5	154.842
79.5	152.112
80.5	147.043
81.5	134.993
82.5	130.447
83.5	132.207
84.5	132.377
85.5	131.985
86.5	135.56
87.5	133.945
88.5	138.387
89.5	154.644
90.5	155.799
91.5	151.375
92.5	159.747
93.5	164.75
94.5	161.599
95.5	164.703
96.5	168.743
97.5	164.168
98.5	176.018
99.5	173.722
100.5	156.028
101.5	155.404
102.5	152.611
103.5	153.546
104.5	152.665
105.5	146.303
106.5	152.675
107.5	148.985
108.5	142.233
109.5	148.391
110.5	138.517
111.5	129.745
112.5	137.479
113.5	140.474
114.5	136.636
115.5	147.757
116.5	151.601
117.5	154.543
118.5	149.39
119.5	142.139
120.5	134.235
121.5	136.855
122.5	135.955
123.5	144.159
124.5	144.102
125.5	129.397
126.5	135.509
127.5	131.283
128.5	129.732
129.5	133.618
130.5	132.609
131.5	139.064
132.5	145.763
133.5	136.808
134.5	131.63
135.5	125.675
136.5	124.131
137.5	136.347
138.5	129.325
139.5	115.244
140.5	121.787
141.5	124.901
142.5	131.481
143.5	131.684
144.5	129.974
145.5	128.805
146.5	135.947
147.5	132.471
148.5	128.059
149.5	119.49
150.5	117.204
151.5	122.954
152.5	114.745
153.5	113.675
154.5	117.344
155.5	124.796
156.5	129.052
157.5	141.328
158.5	145.581
159.5	155.621
160.5	164.148
161.5	169.36
162.5	169.699
163.5	178.347
164.5	180.566
165.5	181.721
166.5	175.949
167.5	171.837
168.5	167.728
169.5	168.101
170.5	173.149
171.5	163.682
172.5	168.69
173.5	166.433
174.5	173.915
175.5	171.604
176.5	169.188
177.5	166.359
178.5	169.482
179.5	159.508
180.5	152.743
181.5	151.993
182.5	148.128
183.5	154.825
184.5	140.741
185.5	138.685
186.5	128.909
187.5	126.752
188.5	129.814
189.5	129.176
190.5	128.016
191.5	141.687
192.5	142.588
193.5	146.085
194.5	142.564
195.5	148.849
196.5	158.636
197.5	160.222
198.5	172.535
199.5	178.522
200.5	181.148
201.5	184.07
202.5	182.524
203.5	164.831
204.5	168.144
205.5	148.934
206.5	141.762
207.5	138.071
208.5	132.807
209.5	130.807
210.5	132.133
211.5	125.521
212.5	127.181
213.5	128.251
214.5	133.635
215.5	149.337
216.5	150.124
217.5	168.31
218.5	174.593
219.5	163.45
220.5	159.718
221.5	156.57
222.5	148.469
223.5	153.304
224.5	155.698
225.5	152.101
226.5	154.695
227.5	157.504
228.5	157.423
229.5	141.682
230.5	137.868
231.5	157.973
232.5	167.47
233.5	174.492
234.5	185.25
235.5	178.283
236.5	171.781
237.5	181
238.5	175.123
239.5	159.633
240.5	168.865
241.5	170.836
242.5	179.728
243.5	163.694
244.5	166.014
245.5	157.28
246.5	142.441
247.5	138.959
248.5	133.335
249.5	121.476
250.5	126.799
251.5	145.23
252.5	143.408
253.5	150.274
254.5	142.411
255.5	145.957
256.5	145.301
257.5	155.094
258.5	163.545
259.5	175.043
260.5	172.136
261.5	172.507
262.5	168.175
263.5	162.802
264.5	158.857
265.5	166.361
266.5	168.817
267.5	165.491
268.5	169.781
269.5	162.271
270.5	154.459
271.5	150.433
272.5	153.493
273.5	169.876
274.5	161.197
275.5	166.464
276.5	169.17
277.5	154.908
278.5	146.968
279.5	144.392
280.5	142.099
281.5	144.272
282.5	150.668
283.5	151.005
284.5	157.352
285.5	144.424
286.5	152.976
287.5	149.605
288.5	138.042
289.5	151.937
290.5	157.56
291.5	164.809
292.5	159.708
293.5	155.737
294.5	151.894
295.5	153.838
296.5	150.224
297.5	158.672
298.5	160.206
299.5	145.924
300.5	167.232
301.5	169.451
302.5	175.961
303.5	169.149
304.5	170.958
305.5	171.501
306.5	180.988
307.5	175.386
308.5	183.947
309.5	171.381
310.5	164.253
311.5	178.222
312.5	171.266
313.5	161.656
314.5	154.896
315.5	170.869
316.5	167.237
317.5	177.376
318.5	179.026
319.5	187.273
320.5	168.935
321.5	183.715
322.5	185.686
323.5	180.869
324.5	171.554
325.5	170.87
326.5	173.878
327.5	162.206
328.5	170.695
329.5	159.74
330.5	150.487
331.5	153.366
332.5	159.456
333.5	140.173
334.5	143.239
335.5	145.453
336.5	141.074
337.5	142.234
338.5	136.531
339.5	152.098
340.5	153.282
341.5	171.968
342.5	175.776
343.5	174.025
344.5	187.386
345.5	195.604
346.5	198.812
347.5	200.407
348.5	208.831
349.5	202.732
350.5	196.454
351.5	187.031
352.5	180.26
353.5	169.272
354.5	177.448
355.5	167.908
356.5	168.373
357.5	169.437
358.5	169.353
359.5	164.685
360.5	163.727
361.5	169.142
362.5	173.487
363.5	167.092
364.5	178.189
365.5	181.715
366.5	183.915
367.5	198.959
368.5	197.38
369.5	191.339
370.5	184.598
371.5	191.788
372.5	201.508
373.5	207.745
374.5	215.045
375.5	218.388
376.5	216.182
377.5	208.154
378.5	199.804
379.5	177.714
380.5	167.258
381.5	163.851
382.5	172.34
383.5	171.196
384.5	164.366
385.5	158.206
386.5	159.167
387.5	162.324
388.5	154.157
389.5	156.966
390.5	160.963
391.5	177.698
392.5	175.801
393.5	185.921
394.5	175.389
395.5	174.926
396.5	166.314
397.5	168.626
398.5	165.922
399.5	166.692
400.5	168.402
401.5	158.236
402.5	152.705
403.5	147.481
404.5	158.015
405.5	163.451
406.5	176.246
407.5	173.154
408.5	184.116
409.5	189.528
410.5	190.77
411.5	192.792
412.5	198.285
413.5	221.641
414.5	221.504
415.5	227.771
416.5	217.972
417.5	210.578
418.5	197.625
419.5	194.475
420.5	198.276
421.5	188.231
422.5	180.817
423.5	176.36
424.5	163.257
425.5	153.868
426.5	146.811
427.5	139.18
428.5	142.535
429.5	155.624
430.5	154.083
431.5	148.238
432.5	138.714
433.5	141.587
434.5	145.142
435.5	151.622
436.5	151.911
437.5	147.221
438.5	160.557
439.5	172.421
440.5	170.269
441.5	165.294
442.5	172.935
443.5	170.545
444.5	184.759
445.5	185.243
446.5	190.52
447.5	186.492
448.5	184.835
449.5	188.44
450.5	183.073
451.5	170.255
452.5	177.327
453.5	161.627
454.5	162.828
455.5	163.353
456.5	141.686
457.5	150.454
458.5	159.052
459.5	164.705
460.5	163.32
461.5	159.384
462.5	169.339
463.5	169.156
464.5	171.934
465.5	187.084
466.5	191.547
467.5	211.092
468.5	226.542
469.5	210.548
470.5	207.023
471.5	196.824
472.5	197.127
473.5	207.331
474.5	202.959
475.5	210.316
476.5	219.514
477.5	210.598
478.5	209.32
479.5	204.402
480.5	190.259
481.5	198.619
482.5	186.327
483.5	189.938
484.5	202.856
485.5	201.282
486.5	193.053
487.5	184.306
488.5	169.006
489.5	171.68
490.5	164.401
491.5	165.037
492.5	166.855
493.5	157.55
494.5	171.935
495.5	167.422
496.5	172.545
497.5	157.96
498.5	167.012
499.5	174.806
500.5	168.937
501.5	166.72
502.5	165.079
503.5	156.433
504.5	160.599
505.5	175.588
506.5	175.458
507.5	180.501
508.5	178.397
509.5	193.177
510.5	189.256
511.5	190.716
512.5	202.941
513.5	208.969
514.5	201.704
515.5	196.868
516.5	195.574
517.5	185.671
518.5	185.321
519.5	176.173
520.5	173.436
521.5	177.794
522.5	171.001
523.5	158.846
524.5	158.404
525.5	163.189
526.5	176.657
527.5	191.66
528.5	189.253
529.5	199.337
530.5	191.689
531.5	199.839
532.5	203.147
533.5	187.919
534.5	192.885
535.5	193.007
536.5	191.858
537.5	184.71
538.5	183.361
539.5	182.92
540.5	189.831
541.5	181.748
542.5	187.52
543.5	193.772
544.5	187.786
545.5	189.242
546.5	190.967
547.5	209.245
548.5	211.588
549.5	212.203
550.5	215.199
551.5	213.924
552.5	216.895
553.5	212.427
554.5	202.209
555.5	205.856
556.5	200.444
557.5	208.538
558.5	209.364
559.5	189.672
560.5	178.729
561.5	176.141
562.5	164.914
563.5	148.281
564.5	148.572
565.5	154.851
566.5	170.401
567.5	160.437
568.5	163.312
569.5	164.782
570.5	151.376
571.5	147.275
572.5	146.981
573.5	147.08
574.5	151.992
575.5	165.741
576.5	151.63
577.5	160.628
578.5	143.457
579.5	157.912
580.5	162.319
581.5	148.697
582.5	152.9
583.5	163.432
584.5	175.486
585.5	174.347
586.5	174.087
587.5	173.29
588.5	181.139
589.5	178.378
590.5	194.206
591.5	173.961
592.5	176.983
593.5	176.823
594.5	171.345
595.5	168.966
596.5	156.306
597.5	151.584
598.5	146.619
599.5	142.475
600.5	139.372
601.5	143.208
602.5	138.555
603.5	151.396
604.5	141.007
605.5	153.019
606.5	165.994
607.5	163.646
608.5	159.183
609.5	166.201
610.5	164.545
611.5	173.797
612.5	185.326
613.5	169.107
614.5	158.696
615.5	161.463
616.5	164.92
617.5	153.831
618.5	142.768
619.5	151.134
620.5	157.73
621.5	153.303
622.5	161.899
623.5	150.37
624.5	134.183
625.5	130.962
626.5	128.802
627.5	111.517
628.5	113.133
629.5	122.461
630.5	123.348
631.5	127.765
632.5	127.039
633.5	127.465
634.5	135.641
635.5	136.3
636.5	152.931
637.5	157.792
638.5	154.694
639.5	169.704
640.5	162.559
641.5	150.077
642.5	169.104
643.5	159.372
644.5	168.92
645.5	167.81
646.5	156.093
647.5	164.329
648.5	161.845
649.5	169.661
650.5	194.758
651.5	197.145
652.5	213.328
653.5	230.013
654.5	226.899
655.5	224.42
656.5	210.072
657.5	215.474
658.5	228.81
659.5	224.623
660.5	219.887
661.5	212.322
662.5	187.637
663.5	186.006
664.5	174.102
665.5	160.152
666.5	159.275
667.5	162.107
668.5	176.206
669.5	181.204
670.5	167.693
671.5	158.813
672.5	159.419
673.5	155.07
674.5	173.508
675.5	173.87
676.5	182.821
677.5	194.02
678.5	187.202
679.5	194.451
680.5	174.849
681.5	175.146
682.5	193.098
683.5	206.398
684.5	221.319
685.5	238.047
686.5	240.308
687.5	231.642
688.5	217.437
689.5	217.322
690.5	211.478
691.5	213.752
692.5	232.789
693.5	234.604
694.5	237.5
695.5	236.69
696.5	225.244
697.5	210.078
698.5	200.949
699.5	205.79
700.5	221.043
701.5	225.68
702.5	242.984
703.5	227.183
704.5	217.114
705.5	208.524
706.5	192.051
707.5	194.255
708.5	188.791
709.5	185.569
710.5	176.979
711.5	169.054
712.5	169.223
713.5	150.293
714.5	141.595
715.5	137.376
716.5	153.786
717.5	155.556
718.5	152.791
719.5	163.341
720.5	172.383
721.5	192.888
722.5	192.197
723.5	205.818
724.5	188.568
725.5	200.363
726.5	212.452
727.5	219.483
728.5	193.628
729.5	189.224
730.5	185.701
731.5	187.851
732.5	171.726
733.5	157.827
734.5	160.797
735.5	160.126
736.5	178.375
737.5	173.365
738.5	168.369
739.5	165.252
740.5	171.606
741.5	162.948
742.5	171.949
743.5	154.073
744.5	150.655
745.5	150.481
746.5	147.378
747.5	144.502
748.5	131.545
749.5	128.156
750.5	121.929
751.5	120.754
752.5	133.413
753.5	148.473
754.5	154.527
755.5	161.796
756.5	163.707
757.5	176.509
758.5	184.745
759.5	174.456
760.5	169.397
761.5	171.178
762.5	159.759
763.5	174.075
764.5	163.656
765.5	155.918
766.5	158.255
767.5	150.013
768.5	159.298
769.5	142.749
770.5	148.406
771.5	147.28
772.5	154.992
773.5	154.847
774.5	156.15
775.5	155.869
776.5	158.439
777.5	160.152
778.5	158.015
779.5	168.55
780.5	165.935
781.5	180.423
782.5	171.698
783.5	191.497
784.5	185.922
785.5	194.653
786.5	190.878
787.5	182.666
788.5	196.162
789.5	202.484
790.5	203.324
791.5	188.145
792.5	179.629
793.5	169.021
794.5	170.221
795.5	152.938
796.5	153.645
797.5	160.445
798.5	173.977
799.5	177.608
800.5	175.792
801.5	179.742
802.5	166.326
803.5	163.132
804.5	183.162
805.5	194.726
806.5	191.944
807.5	196.302
808.5	203.518
809.5	181.077
810.5	185.732
811.5	192.629
812.5	191.052
813.5	180.226
814.5	181.624
815.5	197.039
816.5	202.671
817.5	196.675
818.5	193.337
819.5	193.32
820.5	206.071
821.5	205.232
822.5	200.946
823.5	193.937
824.5	203.457
825.5	214.664
826.5	226.525
827.5	223.431
828.5	200.078
829.5	197.019
830.5	222.227
831.5	228.648
832.5	222.192
833.5	225.569
834.5	226.088
835.5	229.968
836.5	205.398
837.5	190.253
838.5	188.904
839.5	194.511
840.5	194.595
841.5	211.039
842.5	186.33
843.5	192.227
844.5	172.594
845.5	180.534
846.5	171.962
847.5	162.727
848.5	168.05
849.5	179.485
850.5	186.936
851.5	190.791
852.5	209.763
853.5	184.369
854.5	187.471
855.5	167.344
856.5	173.276
857.5	173.185
858.5	184.087
859.5	188.084
860.5	186.952
861.5	184.388
862.5	171.282
863.5	158.626
864.5	166.451
865.5	185.919
866.5	191.319
867.5	197.771
868.5	207.9
869.5	214.022
870.5	214.559
871.5	207.099
872.5	207.245
873.5	205.157
874.5	200.019
875.5	204.899
876.5	186.717
877.5	184.522
878.5	176.841
879.5	165.238
880.5	159.866
881.5	152.379
882.5	152.687
883.5	169.278
884.5	186.08
885.5	180.946
886.5	173.337
887.5	161.624
888.5	159.254
889.5	162.337
890.5	181.01
891.5	194.285
892.5	205.299
893.5	218.505
894.5	202.714
895.5	199.265
896.5	183.243
897.5	180.674
898.5	192.741
899.5	190.512
900.5	206.749
901.5	212.976
902.5	202.546
903.5	195.96
904.5	175.029
905.5	170.696
906.5	183.899
907.5	183.052
908.5	179.574
909.5	180.173
910.5	171.17
911.5	187.473
912.5	161.848
913.5	153.935
914.5	159.96
915.5	168.894
916.5	178.794
917.5	175.51
918.5	181.847
919.5	176.741
920.5	187.475
921.5	196.866
922.5	211.402
923.5	198.947
924.5	217.581
925.5	215.753
926.5	215.88
927.5	214.205
928.5	225.274
929.5	231.48
930.5	214.873
931.5	215.509
932.5	217.069
933.5	206.309
934.5	199.327
935.5	199.241
936.5	203.873
937.5	190.699
938.5	170.95
939.5	168.081
940.5	147.45
941.5	129.071
942.5	145.77
943.5	146.865
944.5	133.474
945.5	132.111
946.5	135.536
947.5	149.13
948.5	124.088
949.5	143.05
950.5	156.634
951.5	169.315
952.5	180.992
953.5	188.474
954.5	190.082
955.5	201.89
956.5	221.147
957.5	224.206
958.5	229.763
959.5	212.875
960.5	226.331
961.5	215.616
962.5	223.194
963.5	200.485
964.5	193.952
965.5	206.834
966.5	184.9
967.5	185.945
968.5	167.002
969.5	174.179
970.5	166.959
971.5	181.394
972.5	188.867
973.5	189.683
974.5	178.458
975.5	199.274
976.5	212.29
977.5	194.245
978.5	207.887
979.5	206.869
980.5	202.042
981.5	195.899
982.5	198.731
983.5	205.741
984.5	209.199
985.5	207.468
986.5	215.648
987.5	217.177
988.5	222.828
989.5	232.86
990.5	244.63
991.5	242.803
992.5	240.999
993.5	236.239
994.5	230.394
995.5	225.647
996.5	205.044
997.5	215.449
998.5	203.177
999.5	190.461
1000.5	186.096
1001.5	187.659
1002.5	189.5
1003.5	186.589
1004.5	192.906
1005.5	212.589
1006.5	205.254
1007.5	200.231
1008.5	221.449
1009.5	214.599
1010.5	227.167
1011.5	217.395
1012.5	222.944
1013.5	215.943
1014.5	193.034
1015.5	194.037
1016.5	215.426
1017.5	209.434
1018.5	223.035
1019.5	212.217
1020.5	213.477
1021.5	204.636
1022.5	209.938
1023.5	214.788
1024.5	219.604
1025.5	233.482
1026.5	246.294
1027.5	255.186
1028.5	243.985
1029.5	251.027
1030.5	248.136
1031.5	260.42
1032.5	264.101
1033.5	288.632
1034.5	296.18
1035.5	295.416
1036.5	284.512
1037.5	283.243
1038.5	275.561
1039.5	263.907
1040.5	273.171
1041.5	274.304
1042.5	282.149
1043.5	288.217
1044.5	264.553
1045.5	231.735
1046.5	231.206
1047.5	226.209
1048.5	220.172
1049.5	213.497
1050.5	217.689
1051.5	216.007
1052.5	193.029
1053.5	177.942
1054.5	162.791
1055.5	162.045
1056.5	174.611
1057.5	196.852
1058.5	169.215
1059.5	200.417
1060.5	190.502
1061.5	186.569
1062.5	194.382
1063.5	203.704
1064.5	217.729
1065.5	220.678
1066.5	232.401
1067.5	233.092
1068.5	238.324
1069.5	246.645
1070.5	268.848
1071.5	240.172
1072.5	244.545
1073.5	247.342
1074.5	248.117
1075.5	235.989
1076.5	240.748
1077.5	257.236
1078.5	260.369
1079.5	249.003
1080.5	237.279
1081.5	225.161
1082.5	208.504
1083.5	233.202
1084.5	240.182
1085.5	233.596
1086.5	223.254
1087.5	229.941
1088.5	232.528
1089.5	205.526
1090.5	207.13
1091.5	216.767
1092.5	223.733
1093.5	217.494
1094.5	210.12
1095.5	204.758
1096.5	218.556
1097.5	214.58
1098.5	216.86
1099.5	204.518
1100.5	183.321
1101.5	207.443
1102.5	195.067
1103.5	197.553
1104.5	195.867
1105.5	200.178
1106.5	219.897
1107.5	198.754
1108.5	188.208
1109.5	196.365
1110.5	200.603
1111.5	210.285
1112.5	219.35
1113.5	207.855
1114.5	217.804
1115.5	206.546
1116.5	214.592
1117.5	219.857
1118.5	230.088
1119.5	249.914
1120.5	255.541
1121.5	245.033
1122.5	236.134
1123.5	243.344
1124.5	257.597
1125.5	269.656
1126.5	272.157
1127.5	275.991
1128.5	276.794
1129.5	281.916
1130.5	272.22
1131.5	263.234
1132.5	257.979
1133.5	281.928
1134.5	284.179
1135.5	271.029
1136.5	250.021
1137.5	246.685
1138.5	224.761
1139.5	217.085
1140.5	203.326
1141.5	191.07
1142.5	193.177
1143.5	185.713
1144.5	175.331
1145.5	170.821
1146.5	183.205
1147.5	179.121
1148.5	190.157
1149.5	195.658
1150.5	203.947
1151.5	212.972
1152.5	224.812
1153.5	211.138
1154.5	207.039
1155.5	219.877
1156.5	220.431
1157.5	222.788
1158.5	217.276
1159.5	240.336
1160.5	244.672
1161.5	234.377
1162.5	258.647
1163.5	243.853
1164.5	239.048
1165.5	246.693
1166.5	260.284
1167.5	257.124
1168.5	266.207
1169.5	264.637
1170.5	254.59
1171.5	232.153
1172.5	233.735
1173.5	225.687
1174.5	213.157
1175.5	224.57
1176.5	229.857
1177.5	245.333
1178.5	226.39
1179.5	235.073
1180.5	216.639
1181.5	207.067
1182.5	196.13
1183.5	196.057
1184.5	197.973
1185.5	222.701
1186.5	221.25
1187.5	226.781
1188.5	221.667
1189.5	220.566
1190.5	229.221
1191.5	223.426
1192.5	255.177
1193.5	257.148
1194.5	259.512
1195.5	277.496
1196.5	257.718
1197.5	234.017
1198.5	226.772
1199.5	218.698
1200.5	222.631
1201.5	209.056
1202.5	211.698
1203.5	224.628
1204.5	203.047
1205.5	204.696
1206.5	224.123
1207.5	229.93
1208.5	245.372
1209.5	258.137
1210.5	252.671
1211.5	264.975
1212.5	252.175
1213.5	271.175
1214.5	253.206
1215.5	244.308
1216.5	248.576
1217.5	263.062
1218.5	260.822
1219.5	241.314
1220.5	252.593
1221.5	239.139
1222.5	235.747
1223.5	238.17
1224.5	238.334
1225.5	215.237
1226.5	226.502
1227.5	215.761
1228.5	225.518
1229.5	212.26
1230.5	206.735
1231.5	212.169
1232.5	198.766
1233.5	215.347
1234.5	224.974
1235.5	212.014
1236.5	217.273
1237.5	216.77
1238.5	220.763
1239.5	232.496
1240.5	214.978
1241.5	217.442
1242.5	204.915
1243.5	189.685
1244.5	189.386
1245.5	181.961
1246.5	189.997
1247.5	194.023
1248.5	195.771
1249.5	220.761
1250.5	211.018
1251.5	204.644
1252.5	211.002
1253.5	209.671
1254.5	236.934
1255.5	251.163
1256.5	257.246
1257.5	265.32
1258.5	244.012
1259.5	239.84
1260.5	236.232
1261.5	238.273
1262.5	252.824
1263.5	246.709
1264.5	250.048
1265.5	257.201
1266.5	239.71
1267.5	248.032
1268.5	254.077
1269.5	253.559
1270.5	276.875
1271.5	282.222
1272.5	277.507
1273.5	258.458
1274.5	244.388
1275.5	259.363
1276.5	264.649
1277.5	267.403
1278.5	270.788
1279.5	274.221
1280.5	267.467
1281.5	270.367
1282.5	260.761
1283.5	259.851
1284.5	251.524
1285.5	258.772
1286.5	268.738
1287.5	263.759
1288.5	271.008
1289.5	263.527
1290.5	268.926
1291.5	244.148
1292.5	246.283
1293.5	243.315
1294.5	241.488
1295.5	238.591
1296.5	261.867
1297.5	249.795
1298.5	240.375
1299.5	246.854
1300.5	234.101
1301.5	231.472
1302.5	234.267
1303.5	234.239
1304.5	223.743
1305.5	231.11
1306.5	239.69
1307.5	252.183
1308.5	257.417
1309.5	251.996
1310.5	253.196
1311.5	253.9
1312.5	270.415
1313.5	272.105
1314.5	277.987
1315.5	299.817
1316.5	307.918
1317.5	297.848
1318.5	310.386
1319.5	281.557
1320.5	275.452
1321.5	310.222
1322.5	318.772
1323.5	299.019
1324.5	299.126
1325.5	306.476
1326.5	297.914
1327.5	287.819
1328.5	282.952
1329.5	266.525
1330.5	250.451
1331.5	268.541
1332.5	252.841
1333.5	233.24
1334.5	228.901
1335.5	255.358
1336.5	245.477
1337.5	236.666
1338.5	236.901
1339.5	254.54
1340.5	242.721
1341.5	239.879
1342.5	253.969
1343.5	239.665
1344.5	233.929
1345.5	233.226
1346.5	223.836
1347.5	218.631
1348.5	209.748
1349.5	217.111
1350.5	212.093
1351.5	186.541
1352.5	206.394
1353.5	211.305
1354.5	203.221
1355.5	225.336
1356.5	236.908
1357.5	223.244
1358.5	236.567
1359.5	223.894
1360.5	232.623
1361.5	230.137
1362.5	233.624
1363.5	258.063
1364.5	244.905
1365.5	263.198
1366.5	258.81
1367.5	255.151
1368.5	247.224
1369.5	265.485
1370.5	263.298
1371.5	246.637
1372.5	236.346
1373.5	218.283
1374.5	221.048
1375.5	216.711
1376.5	210.672
1377.5	207.358
1378.5	188.74
1379.5	186.692
1380.5	194.235
1381.5	189.764
1382.5	186.935
1383.5	208.285
1384.5	216.667
1385.5	221.812
1386.5	225.521
1387.5	205.095
1388.5	218.415
1389.5	204.742
1390.5	225.141
1391.5	227.77
1392.5	242.984
1393.5	234.894
1394.5	243.194
1395.5	243.872
1396.5	253.57
1397.5	246.263
1398.5	236.704
1399.5	245.635
1400.5	225.252
1401.5	237.416
1402.5	238.374
1403.5	233.055
1404.5	217.575
1405.5	232.011
1406.5	240.397
1407.5	251.792
1408.5	236.995
1409.5	261.094
1410.5	270.908
1411.5	267.858
1412.5	290.776
1413.5	295.114
1414.5	279.882
1415.5	277.385
1416.5	278.913
1417.5	260.857
1418.5	234.017
1419.5	206.341
1420.5	211.951
1421.5	207.684
1422.5	210.725
1423.5	204.561
1424.5	192.92
1425.5	199.985
1426.5	212.251
1427.5	231.597
1428.5	235.911
1429.5	252.31
1430.5	264.844
1431.5	285.297
1432.5	270.953
1433.5	276.029
1434.5	250.954
1435.5	268.985
1436.5	269.539
1437.5	249.822
1438.5	260.279
1439.5	234.497
1440.5	235.481
1441.5	216.705
1442.5	205.891
1443.5	201.492
1444.5	216.369
1445.5	204.858
1446.5	222.976
1447.5	207.149
1448.5	224.229
1449.5	213.061
1450.5	201.508
1451.5	208.833
1452.5	217.136
1453.5	240.59
1454.5	238.494
1455.5	237.398
1456.5	237.787
1457.5	245.539
1458.5	243.534
1459.5	260.016
1460.5	245.336
1461.5	266.39
1462.5	264.604
1463.5	279.774
1464.5	274.912
1465.5	266.538
1466.5	283.255
1467.5	268.441
1468.5	254.835
1469.5	252.949
1470.5	232.513
1471.5	228.685
1472.5	218.635
1473.5	205.134
1474.5	215.56
1475.5	198.469
1476.5	186.282
1477.5	194.024
1478.5	192.601
1479.5	211.774
1480.5	230.146
1481.5	232.452
1482.5	251.315
1483.5	233.958
1484.5	248.888
1485.5	270.223
1486.5	264.042
1487.5	285.944
1488.5	300.272
1489.5	300.416
1490.5	284.685
1491.5	277.602
1492.5	269.084
1493.5	272.585
1494.5	273.964
1495.5	283.493
1496.5	277.522
1497.5	275.375
1498.5	289.691
1499.5	288.814
1500.5	266.763
1501.5	253.912
1502.5	274.876
1503.5	288.733
1504.5	290.581
1505.5	299.157
1506.5	312.659
1507.5	334.073
1508.5	340.827
1509.5	344.017
1510.5	333.38
1511.5	325.783
1512.5	346.295
1513.5	353.235
1514.5	345.843
1515.5	323.189
1516.5	310.754
1517.5	279.753
1518.5	270.976
1519.5	257.521
1520.5	249.647
1521.5	222.987
1522.5	226.897
1523.5	223.402
1524.5	220.8
1525.5	216.873
1526.5	213.765
1527.5	236.083
1528.5	237.4
1529.5	254.811
1530.5	252.436
1531.5	235.917
1532.5	238.67
1533.5	260.775
1534.5	259.837
1535.5	275.222
1536.5	271.858
1537.5	275.965
1538.5	288.018
1539.5	274.845
1540.5	276.085
1541.5	253.3
1542.5	259.78
1543.5	282.389
1544.5	282.824
1545.5	283.028
1546.5	287.308
1547.5	268.245
1548.5	255.425
1549.5	263.555
1550.5	265.015
1551.5	276.873
1552.5	292.869
1553.5	304.011
1554.5	310.956
1555.5	283.193
1556.5	274.348
1557.5	256.748
1558.5	245.462
1559.5	250.834
1560.5	270.565
1561.5	265.796
1562.5	266.918
1563.5	245.937
1564.5	218.469
1565.5	215.784
1566.5	199.982
1567.5	228.541
1568.5	248.188
1569.5	256.064
1570.5	272.805
1571.5	278.206
1572.5	271.68
1573.5	252.273
1574.5	244.272
1575.5	242.71
1576.5	270.99
1577.5	283.912
1578.5	281.222
1579.5	272.878
1580.5	268.778
1581.5	263.282
1582.5	252.531
1583.5	237.66
1584.5	228.054
1585.5	235.862
1586.5	239.539
1587.5	255.121
1588.5	229.158
1589.5	212.597
1590.5	217.111
1591.5	209.549
1592.5	203.398
1593.5	203.494
1594.5	206.4
1595.5	217.171
1596.5	237.146
1597.5	248.436
1598.5	222.977
1599.5	221.03
1600.5	237.164
1601.5	259.779
1602.5	256.923
1603.5	274.663
1604.5	277.493
1605.5	292.693
1606.5	263.165
1607.5	264.686
1608.5	253.16
1609.5	250.466
1610.5	261.565
1611.5	250.925
1612.5	259.4
1613.5	232.54
1614.5	232.743
1615.5	223.228
1616.5	225.36
1617.5	220.933
1618.5	240.927
1619.5	230.169
1620.5	237.552
1621.5	238.618
1622.5	266.164
1623.5	278.839
1624.5	256.345
1625.5	256.471
1626.5	259.25
1627.5	263.296
1628.5	262.097
1629.5	251.401
1630.5	259.98
1631.5	270.466
1632.5	269.682
1633.5	285.357
1634.5	249.206
1635.5	255.286
1636.5	258.909
1637.5	282.704
1638.5	287.545
1639.5	276.58
1640.5	268.606
1641.5	262.775
1642.5	249.495
1643.5	237.851
1644.5	240.916
1645.5	228.533
1646.5	252.755
1647.5	245.819
1648.5	258.353
1649.5	236.493
1650.5	243.706
1651.5	261.75
1652.5	257.025
1653.5	261.414
1654.5	268.011
1655.5	263.693
1656.5	268.613
1657.5	254.968
1658.5	262.126
1659.5	258.896
1660.5	275.658
1661.5	304.245
1662.5	281.489
1663.5	255.843
1664.5	279.089
1665.5	301.699
1666.5	296.383
1667.5	299.28
1668.5	285.929
1669.5	304.577
1670.5	297.596
1671.5	309.301
1672.5	301.832
1673.5	299.996
1674.5	292.288
1675.5	325.6
1676.5	333.798
1677.5	334.245
1678.5	328.051
1679.5	334.81
1680.5	317.191
1681.5	315.469
1682.5	302.679
1683.5	298.861
1684.5	279.238
1685.5	289.327
1686.5	295.394
1687.5	285.801
1688.5	256.194
1689.5	241.336
1690.5	264.343
1691.5	267.434
1692.5	270.627
1693.5	253.981
1694.5	269.487
1695.5	247.957
1696.5	264.723
1697.5	247.997
1698.5	248.427
1699.5	253.949
1700.5	252.236
1701.5	248.949
1702.5	242.238
1703.5	237.524
1704.5	253.033
1705.5	247.717
1706.5	234.134
1707.5	269.755
1708.5	265.557
1709.5	248.321
1710.5	269.124
1711.5	259.736
1712.5	273.818
1713.5	285.249
1714.5	285.684
1715.5	285.462
1716.5	290.608
1717.5	298.484
1718.5	311.422
1719.5	304.876
1720.5	310.804
1721.5	332.057
1722.5	324.859
1723.5	318.834
1724.5	317.678
1725.5	307.824
1726.5	296.402
1727.5	293.959
1728.5	298.257
1729.5	299.884
1730.5	300.909
1731.5	291.784
1732.5	265.7
1733.5	253.037
1734.5	250.212
1735.5	232.044
1736.5	215.735
1737.5	214.518
1738.5	234.476
1739.5	249.315
1740.5	233.899
1741.5	247.161
1742.5	244.656
1743.5	244.547
1744.5	273.185
1745.5	292.052
1746.5	296.371
1747.5	320.712
1748.5	322.276
1749.5	331.82
1750.5	320.031
1751.5	313.118
1752.5	315.045
1753.5	311.097
1754.5	305.043
1755.5	289.343
1756.5	282.978
1757.5	267.456
1758.5	263.167
1759.5	241.888
1760.5	244.062
1761.5	247.125
1762.5	233.254
1763.5	239.683
1764.5	254.452
1765.5	229.173
1766.5	224.805
1767.5	251.181
1768.5	252.53
1769.5	270.63
1770.5	273.764
1771.5	294.891
1772.5	299.896
1773.5	300.314
1774.5	298.422
1775.5	297.485
1776.5	277.771
1777.5	299.465
1778.5	309.325
1779.5	291.156
1780.5	299.541
1781.5	270.991
1782.5	274.938
1783.5	263.823
1784.5	276.944
1785.5	272.775
1786.5	283.615
1787.5	268.546
1788.5	273.496
1789.5	261.41
1790.5	254.024
1791.5	269.653
1792.5	261.37
1793.5	269.211
1794.5	273.863
1795.5	280.699
1796.5	291.175
1797.5	292.887
1798.5	305.38
1799.5	313.823
1800.5	315.267
1801.5	327.711
1802.5	330.251
1803.5	314.813
1804.5	301.899
1805.5	306.255
1806.5	291.251
1807.5	289.714
1808.5	255.952
1809.5	243.284
1810.5	230.968
1811.5	238.372
1812.5	236.662
1813.5	244.373
1814.5	251.308
1815.5	255.881
1816.5	248.407
1817.5	243.227
1818.5	236.56
1819.5	232.285
1820.5	258.95
1821.5	264.61
1822.5	264.883
1823.5	249.002
1824.5	251.534
1825.5	238.613
1826.5	218.713
1827.5	218.852
1828.5	226.937
1829.5	227.199
1830.5	219.67
1831.5	223.612
1832.5	215.543
1833.5	232.02
1834.5	226.244
1835.5	227.729
1836.5	228.847
1837.5	234.497
1838.5	244.6
1839.5	236.552
1840.5	246.917
1841.5	255.093
1842.5	278.064
1843.5	289.343
1844.5	278.918
1845.5	268.505
1846.5	266.568
1847.5	280.246
1848.5	289.276
1849.5	275.437
1850.5	286.074
1851.5	297.031
1852.5	291.848
1853.5	312.25
1854.5	293.163
1855.5	291.15
1856.5	310.107
1857.5	306.564
1858.5	304.837
1859.5	292.671
1860.5	283.406
1861.5	301.633
1862.5	297.675
1863.5	292.866
1864.5	315.78
1865.5	286.336
1866.5	317.869
1867.5	305.004
1868.5	290.33
1869.5	301.605
1870.5	320.163
1871.5	313.625
1872.5	305.846
1873.5	317.759
1874.5	311.354
1875.5	317.414
1876.5	317.673
1877.5	326.542
1878.5	308.569
1879.5	307.692
1880.5	331.89
1881.5	332.456
1882.5	315.259
1883.5	334.383
1884.5	365.093
1885.5	357.726
1886.5	373.878
1887.5	375.511
1888.5	352.706
1889.5	355.916
1890.5	362.551
1891.5	367.558
1892.5	342.957
1893.5	322.126
1894.5	339.42
1895.5	310.499
1896.5	301.622
1897.5	301.422
1898.5	278.025
1899.5	279.56
1900.5	290.815
1901.5	295.053
1902.5	295.164
1903.5	297.787
1904.5	326.711
1905.5	326.427
1906.5	299.904
1907.5	329.627
1908.5	305.146
1909.5	306.581
1910.5	320.169
1911.5	321.298
1912.5	322.624
1913.5	306.84
1914.5	304.42
1915.5	308.656
1916.5	305.172
1917.5	323.147
1918.5	335.703
1919.5	328.472
1920.5	342.515
1921.5	341.321
1922.5	320.25
1923.5	327.514
1924.5	328.77
1925.5	340.353
1926.5	333.147
1927.5	338.684
1928.5	331.697
1929.5	318.193
1930.5	323.591
1931.5	319.463
1932.5	334.03
1933.5	335.2
1934.5	347.342
1935.5	319.347
1936.5	294.638
1937.5	308.403
1938.5	325.47
1939.5	316.954
1940.5	313.867
1941.5	318.128
1942.5	303.976
1943.5	305.865
1944.5	302.356
1945.5	277.671
1946.5	275.709
1947.5	293.122
1948.5	312.108
1949.5	289.81
1950.5	280.539
1951.5	269.358
1952.5	263.224
1953.5	252.673
1954.5	275.428
1955.5	284.692
1956.5	279.569
1957.5	301.229
1958.5	301.756
1959.5	305.637
1960.5	291.713
1961.5	301.167
1962.5	292.681
1963.5	293.036
1964.5	304.934
1965.5	322.146
1966.5	320.848
1967.5	304.187
1968.5	305.38
1969.5	305.93
1970.5	320.161
1971.5	320.823
1972.5	342.293
1973.5	345.003
1974.5	372.02
1975.5	384.914
1976.5	369.842
1977.5	367.894
1978.5	346.224
1979.5	366.666
1980.5	367.277
1981.5	358.266
1982.5	346.369
1983.5	337.38
1984.5	333.349
1985.5	322.292
1986.5	280.544
1987.5	285.779
1988.5	307.429
1989.5	289.161
1990.5	309.997
1991.5	310.3
1992.5	306.524
1993.5	314.278
1994.5	297.489
1995.5	303.4
1996.5	302.911
1997.5	314.424
1998.5	319.59
1999.5	315.432
2000.5	316.502
2001.5	317.799
2002.5	311.537
2003.5	302.524
2004.5	300.779
2005.5	308.542
2006.5	349.48
2007.5	347.601
2008.5	345.86
2009.5	331.51
2010.5	362.881
2011.5	361.619
2012.5	344.866
2013.5	363.621
2014.5	363.953
2015.5	355.126
2016.5	356.991
2017.5	354.95
2018.5	346.237
2019.5	328.735
2020.5	311.207
2021.5	324.007
2022.5	304.37
2023.5	299.862
2024.5	315.778
2025.5	304.416
2026.5	302.328
2027.5	327.181
2028.5	323.336
2029.5	309.711
2030.5	313.535
2031.5	330.551
2032.5	351.016
2033.5	328.78
2034.5	350.668
2035.5	347.986
2036.5	316.068
2037.5	316.14
2038.5	313.39
2039.5	291.53
2040.5	278.144
2041.5	279.025
2042.5	251.902
2043.5	255.561
2044.5	235.813
2045.5	251.054
2046.5	227.239
2047.5	230.499
2048.5	238.043
2049.5	254.549
2050.5	259.182
2051.5	260.242
2052.5	282.576
2053.5	269.273
2054.5	276.265
2055.5	251.183
2056.5	265.761
2057.5	265.003
2058.5	275.36
2059.5	277.04
2060.5	298.425
2061.5	289.895
2062.5	300.914
2063.5	319.256
2064.5	308.253
2065.5	341.989
2066.5	342.303
2067.5	361.969
2068.5	349.078
2069.5	364.655
2070.5	362.143
2071.5	381.724
2072.5	348.355
2073.5	355.584
2074.5	350.649
2075.5	328.39
2076.5	353.04
2077.5	341.866
2078.5	346.484
2079.5	358.573
2080.5	369.768
2081.5	349.9
2082.5	344.843
2083.5	326.594
2084.5	332.646
2085.5	328.944
2086.5	329.751
2087.5	353.27
2088.5	329.427
2089.5	325.503
2090.5	326.746
2091.5	319.564
2092.5	330.184
2093.5	343.804
2094.5	336.074
2095.5	337.768
2096.5	358.556
2097.5	347.281
2098.5	350.578
2099.5	335.388
2100.5	351.695
2101.5	357.089
2102.5	361.044
2103.5	363.437
2104.5	363.506
2105.5	353.12
2106.5	356.84
2107.5	363.384
2108.5	355.459
2109.5	353.757
2110.5	356.888
2111.5	339.802
2112.5	338.2
2113.5	333.813
2114.5	333.659
2115.5	331.525
2116.5	306.72
2117.5	313.54
2118.5	331.213
2119.5	315.346
2120.5	326.694
2121.5	337.629
2122.5	337.983
2123.5	343.4
2124.5	324.974
2125.5	312.83
2126.5	315.342
2127.5	324.583
2128.5	338.787
2129.5	346.168
2130.5	343.725
2131.5	345.568
2132.5	342.879
2133.5	343.324
2134.5	324.014
2135.5	329.9
2136.5	321.649
2137.5	328.518
2138.5	328.115
2139.5	327.999
2140.5	336.423
2141.5	335.693
2142.5	347.961
2143.5	344.53
2144.5	337.674
2145.5	341.727
2146.5	347.901
2147.5	352.73
2148.5	372.885
2149.5	360.925
2150.5	347.38
2151.5	350.401
2152.5	325.477
2153.5	311.665
2154.5	301.299
2155.5	319.37
2156.5	314.655
2157.5	310.067
2158.5	314.998
2159.5	312.65
2160.5	310.694
2161.5	324.707
2162.5	340.801
2163.5	322.576
2164.5	346.431
2165.5	354.537
2166.5	333.194
2167.5	328.298
2168.5	341.693
2169.5	341.876
2170.5	333.454
2171.5	343.721
2172.5	342.039
2173.5	321.733
2174.5	317.81
2175.5	324.787
2176.5	315.846
2177.5	315.186
2178.5	317.08
2179.5	317.695
2180.5	328.896
2181.5	316.633
2182.5	334.07
2183.5	312.086
2184.5	323.481
2185.5	345.042
2186.5	330.122
2187.5	335.641
2188.5	337.438
2189.5	330.479
2190.5	352.535
2191.5	351.172
2192.5	328.326
2193.5	346.104
2194.5	356.531
2195.5	361.912
2196.5	363.465
2197.5	363.056
2198.5	384.117
2199.5	367.131
2200.5	366.821
2201.5	352.531
2202.5	347.6
2203.5	362.369
2204.5	353
2205.5	347.63
2206.5	338.542
2207.5	337.456
2208.5	337.05
2209.5	330.496
2210.5	317.579
2211.5	317.827
2212.5	310.912
2213.5	338.87
2214.5	328.953
2215.5	296.031
2216.5	320.736
2217.5	319.172
2218.5	309.16
2219.5	298.521
2220.5	298.835
2221.5	310.29
2222.5	311.866
2223.5	317.143
2224.5	325.502
2225.5	305.122
2226.5	327.77
2227.5	343.723
2228.5	338.764
2229.5	337.924
2230.5	339.152
2231.5	348.387
2232.5	335.758
2233.5	326.937
2234.5	308.855
2235.5	298.791
2236.5	296.121
2237.5	300.462
2238.5	282.463
2239.5	298.954
2240.5	289.241
2241.5	277.371
2242.5	276.403
2243.5	297.032
2244.5	319.243
2245.5	324.21
2246.5	357.871
2247.5	377.694
2248.5	391.586
2249.5	404.736
2250.5	406.785
2251.5	409.219
2252.5	413.503
2253.5	430.344
2254.5	423.166
2255.5	424.22
2256.5	408.508
2257.5	415.119
2258.5	406.072
2259.5	390.594
2260.5	362.741
2261.5	368.161
2262.5	384.444
2263.5	362.595
2264.5	376.118
2265.5	362.779
2266.5	375.562
2267.5	367.783
2268.5	362.265
2269.5	352.676
2270.5	355.02
2271.5	367.629
2272.5	392.799
2273.5	378.351
2274.5	353.774
2275.5	367.952
2276.5	353.375
2277.5	352.477
2278.5	343.737
2279.5	356.358
2280.5	355.036
2281.5	359.891
2282.5	345.869
2283.5	334.75
2284.5	338.715
2285.5	346.452
2286.5	359.071
2287.5	339.635
2288.5	346.055
2289.5	357.196
2290.5	366.942
2291.5	345.486
2292.5	356.971
2293.5	344.249
2294.5	349.439
2295.5	351.198
2296.5	353.364
2297.5	335.65
2298.5	332.416
2299.5	349.234
2300.5	351.259
2301.5	354.797
2302.5	350.901
2303.5	350.626
2304.5	328.772
2305.5	339.908
2306.5	320.56
2307.5	324.444
2308.5	308.775
2309.5	327.725
2310.5	327.377
2311.5	306.565
2312.5	316.466
2313.5	306.058
2314.5	304.23
2315.5	309.311
2316.5	333.169
2317.5	325.86
2318.5	356.325
2319.5	357.107
2320.5	363.755
2321.5	377.875
2322.5	370.103
2323.5	387.637
2324.5	364.479
2325.5	365.117
2326.5	359.34
2327.5	357.216
2328.5	353.655
2329.5	346.932
2330.5	344.96
2331.5	351.526
2332.5	361.2
2333.5	357.436
2334.5	348.832
2335.5	352.57
2336.5	366.648
2337.5	374.036
2338.5	386.038
2339.5	390.718
2340.5	388.831
2341.5	401.146
2342.5	388.934
2343.5	394.668
2344.5	395.193
2345.5	372.669
2346.5	383.68
2347.5	376.947
2348.5	379.643
2349.5	373.158
2350.5	352.516
2351.5	362.353
2352.5	356.496
2353.5	363.037
2354.5	367.294
2355.5	358.498
2356.5	340.429
2357.5	344.466
2358.5	332.511
2359.5	335.752
2360.5	321.614
2361.5	329.278
2362.5	361.809
2363.5	369.613
2364.5	373.449
2365.5	369.563
2366.5	379.23
2367.5	378.951
2368.5	396.862
2369.5	388.164
2370.5	393.848
2371.5	394.492
2372.5	386.558
2373.5	392.924
2374.5	381.402
2375.5	356.605
2376.5	347.198
2377.5	347.527
2378.5	353.464
2379.5	336.721
2380.5	306.39
2381.5	328.318
2382.5	341.245
2383.5	337.369
2384.5	333.055
2385.5	338.33
2386.5	344.364
2387.5	348.365
2388.5	348.414
2389.5	359.06
2390.5	355.658
2391.5	376.054
2392.5	396.681
2393.5	380.548
2394.5	361.004
2395.5	360.637
2396.5	382.428
2397.5	349.57
2398.5	343.093
2399.5	349.726
2400.5	342.706
2401.5	332.33
2402.5	316.766
2403.5	289.94
2404.5	293.04
2405.5	309.711
2406.5	334.221
2407.5	326.331
2408.5	326.483
2409.5	355.287
2410.5	342.085
2411.5	350.454
2412.5	347.759
2413.5	358.617
2414.5	349.458
2415.5	368.331
2416.5	345.096
2417.5	340.145
2418.5	325.029
2419.5	325.741
2420.5	316.179
2421.5	316.678
2422.5	310.727
2423.5	301.007
2424.5	338.097
2425.5	335.439
2426.5	353.698
2427.5	361.394
2428.5	389.079
2429.5	393.153
2430.5	403.506
2431.5	408.798
2432.5	426.348
2433.5	410.346
2434.5	432.44
2435.5	429.954
2436.5	400.536
2437.5	388.762
2438.5	390.973
2439.5	395.316
2440.5	391.776
2441.5	384.3
2442.5	376.908
2443.5	380.187
2444.5	367.722
2445.5	390.616
2446.5	402.911
2447.5	408.815
2448.5	432.062
2449.5	436.439
2450.5	440.603
2451.5	414.027
2452.5	399.733
2453.5	409.752
2454.5	413.542
2455.5	416.054
2456.5	406.093
2457.5	401.77
2458.5	395.694
2459.5	393.596
2460.5	380.072
2461.5	383.196
2462.5	362.847
2463.5	378.95
2464.5	394.505
2465.5	395.766
2466.5	402.244
2467.5	400.915
2468.5	401.539
2469.5	407.484
2470.5	375.36
2471.5	359.285
2472.5	359.939
2473.5	346.379
2474.5	358.226
2475.5	350.469
2476.5	357.102
2477.5	342.172
2478.5	349.23
2479.5	353.175
2480.5	378.91
2481.5	360.077
2482.5	389.186
2483.5	417.374
2484.5	416.014
2485.5	438.193
2486.5	444.889
2487.5	444.118
2488.5	426.132
2489.5	430.312
2490.5	422.743
2491.5	406.065
2492.5	383.274
2493.5	395.157
2494.5	390.19
2495.5	376.13
2496.5	364.213
2497.5	348.678
2498.5	361.412
2499.5	378.642
2500.5	383.942
2501.5	375.264
2502.5	373.003
2503.5	392.249
2504.5	390.892
2505.5	363.782
2506.5	347.797
2507.5	361.847
2508.5	386.016
2509.5	393.712
2510.5	362.715
2511.5	367.954
2512.5	369.077
2513.5	375.632
2514.5	371.794
2515.5	368.19
2516.5	382.578
2517.5	386.544
2518.5	405.228
2519.5	400.62
2520.5	401.289
2521.5	408.942
2522.5	411.88
2523.5	404.638
2524.5	388.351
2525.5	390.626
2526.5	382.71
2527.5	394.477
2528.5	370.928
2529.5	374.686
2530.5	367.723
2531.5	353.083
2532.5	339.313
2533.5	334.852
2534.5	341.924
2535.5	348.173
2536.5	367.074
2537.5	354.385
2538.5	366.876
2539.5	352.035
2540.5	390.122
2541.5	395.631
2542.5	414.066
2543.5	402.511
2544.5	403.268
2545.5	417.624
2546.5	414.656
2547.5	403.612
2548.5	411.881
2549.5	419.707
2550.5	408.892
2551.5	424.22
2552.5	410.366
2553.5	405.133
2554.5	387.378
2555.5	405.723
2556.5	402.196
2557.5	398.061
2558.5	416.899
2559.5	417.551
2560.5	403.472
2561.5	419.819
2562.5	437.844
2563.5	428.533
2564.5	431.063
2565.5	453.015
2566.5	452.304
2567.5	455.9
2568.5	460.708
2569.5	449.062
2570.5	443.273
2571.5	436.756
2572.5	435.302
2573.5	416.518
2574.5	414.936
2575.5	415.599
2576.5	416.646
2577.5	399.84
2578.5	402.419
2579.5	416.281
2580.5	404.603
2581.5	409.667
2582.5	408.487
2583.5	426.777
2584.5	433.8
2585.5	447.618
2586.5	444.883
2587.5	434.365
2588.5	426.567
2589.5	431.523
2590.5	443.447
2591.5	426.287
2592.5	426.853
2593.5	402.034
2594.5	385.773
2595.5	377.284
2596.5	358.789
2597.5	345.797
2598.5	329.372
2599.5	348.95
2600.5	347.101
2601.5	329.611
2602.5	320.964
2603.5	310.847
2604.5	330.576
2605.5	341.079
2606.5	345.648
2607.5	356.913
2608.5	363.933
2609.5	388.397
2610.5	393.302
2611.5	360.721
2612.5	351.508
2613.5	379.506
2614.5	375.541
2615.5	377.469
2616.5	355.42
2617.5	354.446
2618.5	359.817
2619.5	339
2620.5	334.297
2621.5	314.163
2622.5	337.222
2623.5	343.414
2624.5	363.293
2625.5	358.152
2626.5	344.197
2627.5	362.755
2628.5	376.273
2629.5	389.698
2630.5	395.798
2631.5	383.611
2632.5	388.178
2633.5	385.091
2634.5	381.609
2635.5	407.661
2636.5	375.27
2637.5	371.021
2638.5	378.009
2639.5	353.556
2640.5	358.268
2641.5	361.155
2642.5	353.247
2643.5	379.257
2644.5	404.154
2645.5	406.773
2646.5	406.219
2647.5	381.99
2648.5	411.563
2649.5	409.5
2650.5	413.352
2651.5	432.291
2652.5	439.86
2653.5	439.573
2654.5	427.075
2655.5	421.522
2656.5	394.384
2657.5	409.828
2658.5	407.004
2659.5	410.113
2660.5	407.947
2661.5	413.676
2662.5	397.849
2663.5	390.769
2664.5	370.607
2665.5	374.904
2666.5	386.812
2667.5	371.293
2668.5	373.358
2669.5	355.768
2670.5	344.966
2671.5	345.308
2672.5	329.218
2673.5	325.043
2674.5	325.556
2675.5	333.002
2676.5	347.252
2677.5	346.743
2678.5	344.895
2679.5	363.94
2680.5	387.479
2681.5	412.921
2682.5	425.642
2683.5	444.362
2684.5	471.002
2685.5	480.637
2686.5	507.661
2687.5	511.777
2688.5	513.495
2689.5	496.463
2690.5	511.395
2691.5	496.252
2692.5	485.219
2693.5	451.272
2694.5	441.713
2695.5	427.843
2696.5	418.551
2697.5	410.66
2698.5	395.974
2699.5	396.202
2700.5	392.42
2701.5	400.317
2702.5	398.687
2703.5	392.825
2704.5	392.81
2705.5	414.475
2706.5	420.609
2707.5	412.119
2708.5	395.202
2709.5	396.551
2710.5	397.143
2711.5	394.415
2712.5	412.569
2713.5	409.274
2714.5	380.087
2715.5	401.528
2716.5	408.917
2717.5	408.942
2718.5	417.379
2719.5	421.573
2720.5	437.954
2721.5	432.664
2722.5	433.572
2723.5	411.436
2724.5	392.4
2725.5	409.477
2726.5	439.093
2727.5	430.464
2728.5	417.503
2729.5	416.72
2730.5	393.796
2731.5	415.661
2732.5	414.11
2733.5	424.045
2734.5	418.213
2735.5	412.942
2736.5	402.357
2737.5	389.365
2738.5	395.351
2739.5	408.74
2740.5	406.514
2741.5	407.737
2742.5	427.201
2743.5	414.118
2744.5	423.969
2745.5	404.495
2746.5	431.71
2747.5	458.102
2748.5	472.074
2749.5	467.175
2750.5	456.877
2751.5	442.318
2752.5	453.879
2753.5	453.846
2754.5	438.276
2755.5	443.648
2756.5	434.534
2757.5	445.06
2758.5	424.476
2759.5	408.604
2760.5	393.164
2761.5	394.031
2762.5	382.084
2763.5	393.162
2764.5	382.432
2765.5	385.276
2766.5	379.52
2767.5	364.747
2768.5	351.415
2769.5	347.104
2770.5	360.003
2771.5	371.617
2772.5	388.031
2773.5	378.463
2774.5	376.99
2775.5	382.511
2776.5	399.041
2777.5	374.828
2778.5	393.186
2779.5	389.019
2780.5	405.626
2781.5	402.235
2782.5	385.767
2783.5	387.616
2784.5	392.298
2785.5	408.1
2786.5	434.268
2787.5	419.292
2788.5	423.96
2789.5	454.558
2790.5	451.237
2791.5	472.502
2792.5	476.027
2793.5	472.704
2794.5	491.481
2795.5	492.519
2796.5	472.903
2797.5	457.118
2798.5	447.909
2799.5	452.9
2800.5	447.065
2801.5	450.203
2802.5	454.789
2803.5	449.258
2804.5	442.21
2805.5	452.637
2806.5	443.243
2807.5	432.804
2808.5	447.916
2809.5	455.054
2810.5	462.429
2811.5	464.419
2812.5	460.874
2813.5	453.49
2814.5	436.633
2815.5	426.043
2816.5	409.713
2817.5	413.893
2818.5	420.561
2819.5	441.906
2820.5	438.843
2821.5	424.457
2822.5	419.502
2823.5	428.305
2824.5	416.382
2825.5	412.268
2826.5	407.922
2827.5	410.111
2828.5	403.442
2829.5	392.504
2830.5	378.768
2831.5	378.081
2832.5	370.763
2833.5	393.304
2834.5	391.187
2835.5	383.163
2836.5	381.871
2837.5	378.854
2838.5	408.797
2839.5	397.753
2840.5	434.178
2841.5	448.632
2842.5	452.694
2843.5	445.293
2844.5	456.846
2845.5	461.839
2846.5	455.33
2847.5	459.452
2848.5	481.087
2849.5	488.759
2850.5	471.469
2851.5	484.452
2852.5	465.794
2853.5	450.398
2854.5	468.05
2855.5	460.66
2856.5	444.437
2857.5	439.209
2858.5	442.902
2859.5	444.647
2860.5	416.551
2861.5	423.921
2862.5	435.376
2863.5	438.008
2864.5	452.816
2865.5	459.176
2866.5	461.601
2867.5	476.147
2868.5	480.678
2869.5	492.952
2870.5	490.488
2871.5	474.742
2872.5	492.441
2873.5	494.992
2874.5	494.194
2875.5	502.009
2876.5	500.904
2877.5	500.618
2878.5	485.971
2879.5	481.899
2880.5	490.258
2881.5	487.874
2882.5	482.486
2883.5	503.125
2884.5	494.458
2885.5	478.166
2886.5	477.696
2887.5	488.913
2888.5	476.368
2889.5	488.122
2890.5	481.995
2891.5	479.382
2892.5	474.311
2893.5	459.142
2894.5	444
2895.5	428.882
2896.5	423.186
2897.5	420.1
2898.5	406.162
2899.5	400.464
2900.5	402.05
2901.5	406.464
2902.5	414.519
2903.5	408.8
2904.5	429.195
2905.5	422.576
2906.5	455.213
2907.5	476.929
2908.5	487.72
2909.5	472.023
2910.5	464.314
2911.5	446.708
2912.5	441.188
2913.5	425.555
2914.5	425.367
2915.5	439.192
2916.5	430.518
2917.5	440.927
2918.5	433.398
2919.5	426.875
2920.5	447.053
2921.5	473.095
2922.5	488.009
2923.5	484.775
2924.5	502.165
2925.5	497.349
2926.5	497.634
2927.5	480.192
2928.5	470.222
2929.5	459.566
2930.5	464.355
2931.5	450.953
2932.5	428.727
2933.5	409.702
2934.5	413.942
2935.5	426.405
2936.5	424.185
2937.5	443.507
2938.5	444.736
2939.5	460.926
2940.5	470.687
2941.5	488.756
2942.5	473.977
2943.5	462.416
2944.5	469.137
2945.5	465.925
2946.5	441.537
2947.5	442.21
2948.5	427.98
2949.5	426.66
2950.5	402.711
2951.5	385.645
2952.5	359.53
2953.5	349.807
2954.5	355.024
2955.5	372.299
2956.5	363.122
2957.5	376.198
2958.5	395.575
2959.5	387.842
2960.5	391.542
2961.5	377.643
2962.5	400.065
2963.5	427.928
2964.5	438.73
2965.5	442.518
2966.5	450.729
2967.5	428.458
2968.5	430.409
2969.5	439.135
2970.5	444.121
2971.5	462.489
2972.5	456.976
2973.5	461.063
2974.5	457.459
2975.5	448.176
2976.5	443.412
2977.5	441.322
2978.5	450.786
2979.5	483.28
2980.5	485.632
2981.5	478.226
2982.5	471.935
2983.5	471.881
2984.5	468.277
2985.5	493.761
2986.5	487.257
2987.5	468.07
2988.5	491.551
2989.5	489.438
2990.5	455.228
2991.5	433.226
2992.5	435.008
2993.5	433.793
2994.5	453.451
2995.5	448.926
2996.5	472.854
2997.5	452.225
2998.5	466.936
2999.5	480.577
3000.5	457.714
3001.5	463.708
3002.5	489.07
3003.5	481.25
3004.5	476.892
3005.5	486.367
3006.5	467.389
3007.5	469.666
3008.5	465.654
3009.5	475.502
3010.5	472.958
3011.5	473.821
3012.5	470.155
3013.5	477.844
3014.5	476.826
3015.5	506.881
3016.5	512.147
3017.5	513.49
3018.5	513.67
3019.5	508.127
3020.5	504.228
3021.5	490.878
3022.5	496.765
3023.5	486.028
3024.5	494.592
3025.5	482.945
3026.5	474.856
3027.5	457.684
3028.5	468.119
3029.5	469.79
3030.5	485.413
3031.5	468.218
3032.5	461.57
3033.5	462.998
3034.5	454.384
3035.5	448.447
3036.5	474.201
3037.5	487.967
3038.5	478.177
3039.5	480.118
3040.5	476.585
3041.5	466.194
3042.5	456.407
3043.5	478.125
3044.5	477.586
3045.5	485.882
3046.5	474.356
3047.5	476.218
3048.5	464.434
3049.5	459.766
3050.5	479.462
3051.5	486.751
3052.5	485.387
3053.5	495.98
3054.5	491.768
3055.5	485.414
3056.5	490.041
3057.5	471.602
3058.5	475.681
3059.5	485.22
3060.5	488.439
3061.5	492.978
3062.5	473.665
3063.5	471.851
3064.5	472.991
3065.5	468.598
3066.5	469.417
3067.5	477.822
3068.5	477.548
3069.5	505.185
3070.5	509.061
3071.5	515.012
3072.5	513.326
3073.5	490.175
3074.5	500.737
3075.5	493.415
3076.5	499.834
3077.5	498.721
3078.5	497.584
3079.5	485.22
3080.5	487.278
3081.5	475.076
3082.5	463.619
3083.5	464.543
3084.5	453.776
3085.5	476.414
3086.5	477.946
3087.5	484.896
3088.5	486.577
3089.5	482.797
3090.5	477.625
3091.5	496.848
3092.5	504.879
3093.5	516.77
3094.5	541.81
3095.5	520.527
3096.5	526.475
3097.5	506.423
3098.5	504.316
3099.5	498.271
3100.5	491.648
3101.5	496.776
3102.5	510.164
3103.5	488.624
3104.5	490.894
3105.5	464.503
3106.5	438.142
3107.5	439.281
3108.5	447.453
3109.5	443.392
3110.5	446.011
3111.5	451.992
3112.5	445.456
3113.5	449.368
3114.5	455.501
3115.5	469.994
3116.5	467.968
3117.5	478.056
3118.5	509.109
3119.5	528.231
3120.5	532.899
3121.5	548.154
3122.5	541.257
3123.5	554.779
3124.5	558.566
3125.5	554.922
3126.5	535.395
3127.5	514.466
3128.5	505.86
3129.5	503.223
3130.5	471.08
3131.5	468.841
3132.5	465.117
3133.5	465.424
3134.5	461.787
3135.5	442.169
3136.5	445.117
3137.5	437.132
3138.5	452.347
3139.5	462.368
3140.5	475.153
3141.5	478.598
3142.5	488.983
3143.5	475.603
3144.5	465.113
3145.5	462.823
3146.5	463.746
3147.5	483.184
3148.5	471.108
3149.5	455.718
3150.5	445.009
3151.5	456.588
3152.5	449.859
3153.5	452.947
3154.5	452.668
3155.5	471.826
3156.5	493.815
3157.5	489.713
3158.5	522.221
3159.5	517.63
3160.5	525.263
3161.5	545.264
3162.5	550.697
3163.5	546.096
3164.5	537.224
3165.5	552.808
3166.5	558.74
3167.5	547.751
3168.5	519.408
3169.5	531.945
3170.5	501.253
3171.5	501.223
3172.5	482.811
3173.5	490.758
3174.5	490.671
3175.5	485.497
3176.5	487.069
3177.5	456.877
3178.5	462.696
3179.5	470.441
3180.5	471.803
3181.5	463.412
3182.5	465.241
3183.5	457.495
3184.5	467.714
3185.5	463.693
3186.5	469.676
3187.5	474.563
3188.5	464.885
3189.5	476.743
3190.5	462.202
3191.5	445.671
3192.5	458.441
3193.5	452.214
3194.5	451.629
3195.5	440.135
3196.5	444.172
3197.5	430.514
3198.5	410.873
3199.5	411.128
3200.5	431.921
3201.5	431.058
3202.5	450.873
3203.5	453.751
3204.5	444.971
3205.5	461.798
3206.5	476.522
3207.5	498.63
3208.5	512.802
3209.5	503.6
3210.5	522.527
3211.5	522.227
3212.5	514.401
3213.5	538.395
3214.5	537.671
3215.5	564.557
3216.5	546.036
3217.5	519.387
3218.5	516.476
3219.5	511.253
3220.5	510.778
3221.5	536.239
3222.5	546.255
3223.5	540.041
3224.5	557.978
3225.5	536.835
3226.5	543.713
3227.5	518.992
3228.5	534.832
3229.5	562.234
3230.5	561.32
3231.5	573.99
3232.5	570.285
3233.5	563.172
3234.5	546.635
3235.5	538.882
3236.5	508.315
3237.5	511.811
3238.5	511.312
3239.5	513.48
3240.5	519.406
3241.5	500.573
3242.5	482.411
3243.5	471.952
3244.5	479.192
3245.5	472.401
3246.5	473.414
3247.5	484.813
3248.5	496.23
3249.5	500.1
3250.5	466.523
3251.5	465.993
3252.5	467.771
3253.5	483.729
3254.5	499.228
3255.5	483.963
3256.5	454.868
3257.5	475.214
3258.5	475.362
3259.5	456.577
3260.5	457.1
3261.5	448.375
3262.5	459.366
3263.5	442.57
3264.5	453.981
3265.5	457.019
3266.5	460.596
3267.5	485.669
3268.5	485.17
3269.5	459.999
3270.5	464.72
3271.5	487.171
3272.5	490.377
3273.5	495.251
3274.5	506.31
3275.5	534.704
3276.5	532.615
3277.5	516.989
3278.5	518.19
3279.5	513.805
3280.5	536.414
3281.5	548.5
3282.5	544.549
3283.5	523.997
3284.5	527.729
3285.5	514.464
3286.5	519.648
3287.5	521.865
3288.5	515.609
3289.5	516.304
3290.5	525.183
3291.5	516.578
3292.5	517.773
3293.5	538.402
3294.5	551.08
3295.5	584.572
3296.5	572.218
3297.5	591.808
3298.5	580.087
3299.5	579.152
3300.5	568.372
3301.5	562.029
3302.5	547.071
3303.5	540.483
3304.5	533.201
3305.5	513.029
3306.5	510.574
3307.5	491.433
3308.5	498.465
3309.5	486.604
3310.5	497.013
3311.5	502.381
3312.5	524.053
3313.5	529.401
3314.5	534.434
3315.5	531.589
3316.5	542.123
3317.5	542.607
3318.5	532.762
3319.5	536.1
3320.5	533.686
3321.5	537.975
3322.5	535.843
3323.5	508.919
3324.5	497.243
3325.5	514.497
3326.5	501.577
3327.5	507.965
3328.5	511.204
3329.5	493.684
3330.5	503.901
3331.5	501.151
3332.5	487.362
3333.5	484.61
3334.5	483.134
3335.5	487.394
3336.5	493.43
3337.5	477.093
3338.5	493.91
3339.5	502.238
3340.5	487.964
3341.5	494.815
3342.5	475.527
3343.5	482.851
3344.5	476.209
3345.5	486.51
3346.5	477.847
3347.5	493.512
3348.5	491.378
3349.5	501.109
3350.5	503.08
3351.5	486.243
3352.5	496.169
3353.5	515.604
3354.5	526.559
3355.5	504.159
3356.5	517.34
3357.5	506.293
3358.5	533.838
3359.5	538.294
3360.5	531.714
3361.5	523.715
3362.5	503.179
3363.5	507.908
3364.5	500.272
3365.5	501.359
3366.5	479.032
3367.5	491.841
3368.5	516.33
3369.5	508.321
3370.5	496.341
3371.5	492.25
3372.5	504.014
3373.5	496.056
3374.5	499.658
3375.5	500.231
3376.5	501.524
3377.5	498.186
3378.5	502.605
3379.5	513.691
3380.5	483.574
3381.5	497.51
3382.5	481.243
3383.5	475.358
3384.5	455.631
3385.5	462.487
3386.5	484.507
3387.5	490.91
3388.5	487.214
3389.5	489.942
3390.5	509.421
3391.5	491.755
3392.5	512.124
3393.5	508.528
3394.5	517.842
3395.5	523.25
3396.5	515.322
3397.5	524.012
3398.5	513.79
3399.5	492.796
3400.5	509.766
3401.5	509.347
3402.5	511.045
3403.5	537.567
3404.5	547.468
3405.5	561.192
3406.5	573.947
3407.5	571.828
3408.5	578.551
3409.5	563.786
3410.5	565.483
3411.5	585.611
3412.5	581.153
3413.5	579.133
3414.5	582.659
3415.5	566.466
3416.5	563.552
3417.5	556.024
3418.5	542.093
3419.5	552.393
3420.5	573.088
3421.5	584.463
3422.5	588.162
3423.5	592.233
3424.5	564.847
3425.5	562.976
3426.5	562.087
3427.5	566.435
3428.5	547.825
3429.5	545.879
3430.5	543.991
3431.5	522.995
3432.5	499.39
3433.5	501.841
3434.5	496.329
3435.5	477.205
3436.5	515.738
3437.5	494.328
3438.5	501.693
3439.5	503.91
3440.5	518.794
3441.5	520.379
3442.5	525.325
3443.5	541.632
3444.5	560.936
3445.5	543.003
3446.5	544.789
3447.5	546.858
3448.5	511.967
3449.5	513.162
3450.5	502.311
3451.5	500.063
3452.5	497.727
3453.5	502.789
3454.5	507.108
3455.5	492.989
3456.5	470.127
3457.5	486.698
3458.5	490.428
3459.5	497.61
3460.5	509.249
3461.5	521.889
3462.5	529.044
3463.5	519.502
3464.5	501.816
3465.5	497.14
3466.5	507.935
3467.5	520.525
3468.5	539.987
3469.5	558.27
3470.5	569.417
3471.5	583.399
3472.5	600.696
3473.5	609.969
3474.5	611.737
3475.5	620.274
3476.5	615.945
3477.5	613.596
3478.5	585.745
3479.5	588.672
3480.5	598.865
3481.5	585.872
3482.5	570.564
3483.5	566.868
3484.5	546.972
3485.5	532.982
3486.5	507.019
3487.5	519.539
3488.5	523.942
3489.5	525.622
3490.5	519.696
3491.5	521.459
3492.5	524.576
3493.5	537.489
3494.5	535.003
3495.5	526.26
3496.5	521.247
3497.5	527.146
3498.5	540.823
3499.5	517.829
3500.5	537.094
3501.5	542.675
3502.5	574.219
3503.5	575.695
3504.5	564.272
3505.5	543.293
3506.5	549.367
3507.5	540.464
3508.5	561.183
3509.5	568.86
3510.5	570.285
3511.5	592.128
3512.5	587.99
3513.5	580.384
3514.5	579.521
3515.5	586.484
3516.5	568.468
3517.5	574.511
3518.5	580.249
3519.5	597.624
3520.5	565.234
3521.5	571.187
3522.5	579.562
3523.5	574.106
3524.5	585.836
3525.5	579.628
3526.5	559.241
3527.5	549.072
3528.5	567.524
3529.5	571.377
3530.5	542.714
3531.5	545.21
3532.5	554.91
3533.5	560.317
3534.5	541.189
3535.5	511.18
3536.5	495.935
3537.5	493.131
3538.5	487.921
3539.5	484.569
3540.5	487.147
3541.5	492.799
3542.5	513.102
3543.5	515.699
3544.5	521.554
3545.5	501.099
3546.5	506.548
3547.5	532.311
3548.5	529.277
3549.5	524.946
3550.5	541.178
3551.5	539.947
3552.5	534.986
3553.5	519.085
3554.5	505.929
3555.5	496.501
3556.5	497.117
3557.5	506.673
3558.5	498.055
3559.5	504.926
3560.5	511.12
3561.5	514.422
3562.5	514.435
3563.5	506.922
3564.5	507.1
3565.5	520.78
3566.5	532.106
3567.5	526.759
3568.5	529.621
3569.5	528.168
3570.5	532.296
3571.5	540.785
3572.5	544.65
3573.5	562.171
3574.5	560.66
3575.5	561.238
3576.5	566.656
3577.5	553.632
3578.5	559.03
3579.5	568.008
3580.5	563.243
3581.5	550.984
3582.5	544.972
3583.5	529.285
3584.5	504.927
3585.5	513.457
3586.5	516.233
3587.5	531.527
3588.5	530.338
3589.5	523.917
3590.5	517.112
3591.5	530.694
3592.5	543.778
3593.5	550.594
3594.5	574.062
