1	224.243
1.5	195.542
2	175.042
2.5	161.588
3	146.731
3.5	143.162
4	146.276
4.5	148.437
5	156.143
5.5	165.835
6.5	153.47
7.5	152.712
8.5	146.023
9.5	151.401
10.5	161.632
11.5	159.09
12.5	153.659
13.5	146.439
14.5	134.689
15.5	129.537
16.5	141.964
17.5	143.269
18.5	152.165
19.5	140.594
20.5	143.125
21.5	156.905
22.5	159.552
23.5	165.623
24.5	169.784
25.5	163.889
26.5	148.919
27.5	138.124
28.5	139.57
29.5	152.552
30.5	145.139
31.5	126.126
32.5	121.715
33.5	119.517
34.5	129.127
35.5	137.02
36.5	154.634
37.5	159.639
38.5	161.356
39.5	157.144
40.5	156.775
41.5	168.896
42.5	179.998
43.5	191.338
44.5	171.157
45.5	167.988
46.5	152.082
47.5	164.31
48.5	150.186
49.5	146.98
50.5	138.586
51.5	133.994
52.5	129.657
53.5	109.603
54.5	127.299
55.5	127.849
56.5	131.703
57.5	129.042
58.5	144.562
59.5	157.724
60.5	173.693
61.5	171.74
62.5	172.068
63.5	186.115
64.5	173.124
65.5	171.35
66.5	177.068
67.5	166.551
68.5	165.806
69.5	153.049
70.5	154.368
71.5	161.626
72.5	158.517
73.5	162.445
74.5	168.348
75.5	157.232
76.5	158.456
77.5	165.391
78.5	149.872
79.5	154.484
80.5	148.03
81.5	136.258
82.5	131.116
83.5	120.98
84.5	122.15
85.5	137.982
86.5	131.718
87.5	125.227
88.5	139.404
89.5	145.645
90.5	152.91
91.5	164.992
92.5	167.689
93.5	171.419
94.5	170.167
95.5	156.046
96.5	161.413
97.5	177.801
98.5	167.986
99.5	170.384
100.5	162.297
101.5	145.92
102.5	157.745
103.5	156.428
104.5	154.244
105.5	160.698
106.5	148.087
107.5	136.765
108.5	143.193
109.5	137.259
110.5	137.588
111.5	149.371
112.5	131.506
113.5	127.761
114.5	142.059
115.5	137.193
116.5	155.989
117.5	159.409
118.5	154.757
119.5	145.354
120.5	135.692
121.5	132.12
122.5	146.12
123.5	147.542
124.5	135.927
125.5	136.721
126.5	120.027
127.5	117.883
128.5	128.077
129.5	135.819
130.5	144.531
131.5	143.403
132.5	138.342
133.5	143.89
134.5	137.299
135.5	132.576
136.5	131.461
137.5	123.068
138.5	126.103
139.5	117.395
140.5	106.029
141.5	122.833
142.5	127.535
143.5	126.265
144.5	132.194
145.5	141.902
146.5	141.055
147.5	146.755
148.5	126.81
149.5	121.549
150.5	131.198
151.5	111.895
152.5	103.692
153.5	102.749
154.5	105.924
155.5	111.109
156.5	127.383
157.5	133.628
158.5	151.684
159.5	167.781
160.5	170.167
161.5	177.882
162.5	186.885
163.5	177.84
164.5	181.299
165.5	178.615
166.5	174.234
167.5	167.386
168.5	163.993
169.5	160.205
170.5	166.66
171.5	178.582
172.5	163.354
173.5	176.672
174.5	172.588
175.5	169.859
176.5	169.158
177.5	170.502
178.5	167.661
179.5	169.489
180.5	153.681
181.5	135.718
182.5	152.633
183.5	153.907
184.5	149.425
185.5	136.863
186.5	133.086
187.5	121.524
188.5	121.63
189.5	122.901
190.5	131.263
191.5	139.816
192.5	141.314
193.5	129.07
194.5	142.145
195.5	156.094
196.5	161.622
197.5	172.536
198.5	173.25
199.5	172.789
200.5	180.845
201.5	186.659
202.5	182.122
203.5	187.739
204.5	163.81
205.5	159.766
206.5	142.246
207.5	135.844
208.5	135.041
209.5	124.863
210.5	115.992
211.5	113.971
212.5	110.586
213.5	120.249
214.5	138.226
215.5	146.329
216.5	164.294
217.5	169.8
218.5	178.533
219.5	185.988
220.5	174.211
221.5	157.964
222.5	153.251
223.5	139.517
224.5	140.649
225.5	146.724
226.5	141.542
227.5	151.814
228.5	151.326
229.5	149.197
230.5	152.412
231.5	159.769
232.5	175.895
233.5	180.765
234.5	178.677
235.5	174.979
236.5	172.068
237.5	167.228
238.5	169.737
239.5	173.054
240.5	172.867
241.5	186.393
242.5	167.847
243.5	174.479
244.5	162.937
245.5	157.683
246.5	153.474
247.5	139.771
248.5	121.619
249.5	117.082
250.5	123.949
251.5	122.575
252.5	142.14
253.5	142.809
254.5	151.744
255.5	146.154
256.5	149.349
257.5	161.115
258.5	172.836
259.5	176.023
260.5	185.9
261.5	171.486
262.5	156.682
263.5	152.294
264.5	157.173
265.5	162.545
266.5	176.228
267.5	174.373
268.5	161.825
269.5	168.598
270.5	157.51
271.5	154.81
272.5	159.412
273.5	153.868
274.5	165.172
275.5	155.103
276.5	157.296
277.5	162.969
278.5	163.529
279.5	146.998
280.5	140.37
281.5	153.766
282.5	150.116
283.5	151.419
284.5	136.766
285.5	149.254
286.5	138.724
287.5	135.669
288.5	150.932
289.5	152.257
290.5	172.583
291.5	165.552
292.5	165.015
293.5	164.614
294.5	155.794
295.5	144.87
296.5	148.063
297.5	145.951
298.5	149.604
299.5	162.267
300.5	143.716
301.5	163.863
302.5	178.153
303.5	185.056
304.5	181.11
305.5	187.491
306.5	176.99
307.5	181.786
308.5	168.119
309.5	174.44
310.5	180.153
311.5	158.692
312.5	154.242
313.5	158.23
314.5	169.161
315.5	165.78
316.5	180.352
317.5	170.99
318.5	179.378
319.5	175.881
320.5	187.19
321.5	180.059
322.5	186.745
323.5	175.996
324.5	177.297
325.5	178.22
326.5	169.162
327.5	173.749
328.5	162.148
329.5	160.993
330.5	146.338
331.5	153.743
332.5	150.771
333.5	148.582
334.5	137.91
335.5	142.017
336.5	146.796
337.5	138.855
338.5	145.196
339.5	132.753
340.5	152.977
341.5	164.348
342.5	168.661
343.5	173.328
344.5	191.393
345.5	201.559
346.5	198.092
347.5	211.303
348.5	216.603
349.5	225.615
350.5	205.957
351.5	184.559
352.5	171.053
353.5	169.728
354.5	162.957
355.5	161.402
356.5	158.158
357.5	165.032
358.5	160.928
359.5	163.929
360.5	170.946
361.5	186.342
362.5	184.489
363.5	176.431
364.5	168.437
365.5	170.618
366.5	179.525
367.5	180.053
368.5	193.585
369.5	198.665
370.5	192.914
371.5	188.974
372.5	198.122
373.5	219.967
374.5	233.273
375.5	220.657
376.5	212.445
377.5	209.339
378.5	190.56
379.5	182.962
380.5	177.235
381.5	177.857
382.5	159.389
383.5	153.973
384.5	154.263
385.5	159.153
386.5	161.054
387.5	152.239
388.5	157.449
389.5	154.562
390.5	165.661
391.5	175.407
392.5	193.851
393.5	182.01
394.5	177.06
395.5	167.2
396.5	174.327
397.5	167.729
398.5	168.617
399.5	166.357
400.5	169.12
401.5	163.489
402.5	142.307
403.5	147.693
404.5	147.723
405.5	161.162
406.5	163.29
407.5	179.118
408.5	179.76
409.5	189.562
410.5	196.02
411.5	193.199
412.5	210.588
413.5	218.185
414.5	231.298
415.5	223.879
416.5	224.907
417.5	211.233
418.5	208.198
419.5	195.328
420.5	185.698
421.5	198.569
422.5	190.547
423.5	172.238
424.5	156.251
425.5	148.288
426.5	142.615
427.5	138.487
428.5	139.228
429.5	145.125
430.5	161.577
431.5	142.296
432.5	137.706
433.5	148.046
434.5	148.819
435.5	150.499
436.5	153.556
437.5	154.409
438.5	152.264
439.5	160.114
440.5	159.384
441.5	164.548
442.5	182.044
443.5	183.361
444.5	172.456
445.5	195.587
446.5	189.164
447.5	196.83
448.5	200.682
449.5	183.543
450.5	171.487
451.5	175.479
452.5	165.338
453.5	169.819
454.5	171.342
455.5	157.043
456.5	146.187
457.5	136.986
458.5	145.919
459.5	165.889
460.5	172.2
461.5	159.839
462.5	158.443
463.5	165.893
464.5	174.372
465.5	180.746
466.5	199.82
467.5	216.877
468.5	218.953
469.5	217.974
470.5	200.93
471.5	218.333
472.5	217.127
473.5	193.184
474.5	204.253
475.5	203.123
476.5	202.251
477.5	214.306
478.5	199.226
479.5	196.21
480.5	211.578
481.5	197.859
482.5	203.084
483.5	205.374
484.5	196.255
485.5	193.061
486.5	193.412
487.5	171.37
488.5	170.7
489.5	165.929
490.5	159.96
491.5	165.18
492.5	171.279
493.5	174.492
494.5	164.219
495.5	168.268
496.5	155.623
497.5	168.452
498.5	161.796
499.5	168.978
500.5	174.452
501.5	171.372
502.5	161.98
503.5	163.049
504.5	169.939
505.5	160.888
506.5	174.017
507.5	171.762
508.5	182.673
509.5	182.113
510.5	183.842
511.5	193.361
512.5	203.246
513.5	216.806
514.5	225.022
515.5	212.376
516.5	195.476
517.5	185.028
518.5	180.221
519.5	180.071
520.5	162.269
521.5	163.13
522.5	168.336
523.5	155.033
524.5	143.099
525.5	164.846
526.5	184.608
527.5	189.676
528.5	202.662
529.5	189.746
530.5	208.018
531.5	201.975
532.5	188.723
533.5	201.705
534.5	203.224
535.5	196.41
536.5	178.88
537.5	183.087
538.5	176.268
539.5	182.604
540.5	182.961
541.5	187.516
542.5	186.309
543.5	183.222
544.5	195.746
545.5	195.587
546.5	198.707
547.5	195.341
548.5	208.322
549.5	216.959
550.5	211.407
551.5	213.046
552.5	221.572
553.5	222.766
554.5	208.695
555.5	200.529
556.5	215.682
557.5	206.96
558.5	197.858
559.5	192.672
560.5	181.286
561.5	173.195
562.5	166.067
563.5	150.669
564.5	144.597
565.5	158.402
566.5	147.488
567.5	164.478
568.5	157.962
569.5	151.698
570.5	167.99
571.5	159.849
572.5	146.646
573.5	151.676
574.5	164.626
575.5	154.773
576.5	157.666
577.5	135.876
578.5	147.718
579.5	140.651
580.5	149.718
581.5	164.829
582.5	169.697
583.5	166.952
584.5	166.269
585.5	179.869
586.5	174.953
587.5	181.722
588.5	172.86
589.5	181.095
590.5	172.277
591.5	178.916
592.5	180.034
593.5	193.728
594.5	185.766
595.5	161.983
596.5	159.811
597.5	158.532
598.5	148.906
599.5	140.298
600.5	129.776
601.5	115.294
602.5	135.374
603.5	132.803
604.5	149.522
605.5	157.322
606.5	166.629
607.5	173.608
608.5	174.286
609.5	173.609
610.5	177.378
611.5	170.505
612.5	166.482
613.5	171.419
614.5	156.626
615.5	154.03
616.5	159.655
617.5	156.033
618.5	154.851
619.5	153.91
620.5	156.206
621.5	165.431
622.5	152.785
623.5	142.392
624.5	143.998
625.5	142.004
626.5	120.025
627.5	110.688
628.5	108.879
629.5	120.471
630.5	120.443
631.5	112.651
632.5	125.56
633.5	123.6
634.5	125.299
635.5	144.141
636.5	150.404
637.5	170.959
638.5	175.555
639.5	160.562
640.5	165.571
641.5	167.525
642.5	147.218
643.5	163.129
644.5	163.848
645.5	163.534
646.5	163.11
647.5	147.936
648.5	158.247
649.5	179.54
650.5	175.503
651.5	199.2
652.5	222.052
653.5	220.593
654.5	231.988
655.5	232.704
656.5	231.781
657.5	228.309
658.5	224.485
659.5	228.294
660.5	224.203
661.5	209.694
662.5	193.715
663.5	168.372
664.5	169.243
665.5	157.236
666.5	154.866
667.5	171.748
668.5	167.741
669.5	165.185
670.5	172.382
671.5	165.661
672.5	159.992
673.5	175.832
674.5	156.592
675.5	167.66
676.5	185.705
677.5	185.491
678.5	193.162
679.5	184.942
680.5	183.637
681.5	173.772
682.5	191.982
683.5	206.075
684.5	221.585
685.5	233.205
686.5	233.604
687.5	236.645
688.5	230.85
689.5	221.773
690.5	220.608
691.5	228.897
692.5	229.964
693.5	221.402
694.5	225.83
695.5	225.493
696.5	219.957
697.5	215.129
698.5	207.728
699.5	216.859
700.5	217.011
701.5	233.251
702.5	234.92
703.5	241.132
704.5	221.058
705.5	196.938
706.5	192.031
707.5	185.662
708.5	200.969
709.5	200.54
710.5	183.463
711.5	163.982
712.5	149.06
713.5	144.737
714.5	142.653
715.5	150.509
716.5	135.681
717.5	151.02
718.5	145.592
719.5	142.461
720.5	174.296
721.5	195.025
722.5	212.063
723.5	191.551
724.5	215.689
725.5	201.105
726.5	218.237
727.5	220.908
728.5	212.394
729.5	200.025
730.5	176.651
731.5	158.442
732.5	168.251
733.5	170.46
734.5	154.474
735.5	158.226
736.5	167.405
737.5	160.211
738.5	162.895
739.5	190.598
740.5	183.627
741.5	183.111
742.5	146.767
743.5	158.709
744.5	163.746
745.5	158.288
746.5	142.9
747.5	121.03
748.5	132.769
749.5	116.023
750.5	118.38
751.5	130.986
752.5	132.995
753.5	136.868
754.5	140.047
755.5	163.356
756.5	177.325
757.5	177.884
758.5	181.309
759.5	184.869
760.5	188.329
761.5	172.984
762.5	178.889
763.5	162.6
764.5	163.718
765.5	147.823
766.5	132.994
767.5	156.813
768.5	145.53
769.5	147.348
770.5	143.261
771.5	159.681
772.5	159.652
773.5	167.263
774.5	155.815
775.5	153.594
776.5	163.659
777.5	148.044
778.5	145.16
779.5	155.273
780.5	176.491
781.5	168.382
782.5	183.031
783.5	179.729
784.5	203.632
785.5	202.989
786.5	202.355
787.5	192.521
788.5	190.676
789.5	193.82
790.5	185.881
791.5	200.14
792.5	185.758
793.5	177.898
794.5	156.06
795.5	160.889
796.5	153.575
797.5	158.309
798.5	175.689
799.5	165.899
800.5	160.825
801.5	160.782
802.5	175.796
803.5	184.177
804.5	178.692
805.5	193.428
806.5	206.205
807.5	206.847
808.5	196.603
809.5	193.759
810.5	179.853
811.5	177.826
812.5	176.289
813.5	190.453
814.5	196.31
815.5	182.331
816.5	181.467
817.5	206.301
818.5	206.652
819.5	194.63
820.5	211.294
821.5	218.166
822.5	194.976
823.5	189.7
824.5	192.741
825.5	216.651
826.5	217.461
827.5	210.955
828.5	213.575
829.5	214.389
830.5	211.092
831.5	214.017
832.5	239.394
833.5	243.66
834.5	232.935
835.5	216.858
836.5	211.105
837.5	191.299
838.5	177.647
839.5	197.547
840.5	210.565
841.5	181.231
842.5	189.96
843.5	170.983
844.5	199.383
845.5	179.467
846.5	173.616
847.5	176.735
848.5	178.074
849.5	166.274
850.5	159.616
851.5	188.357
852.5	186.268
853.5	209.35
854.5	180.531
855.5	188.836
856.5	183.555
857.5	181.044
858.5	186.166
859.5	195.979
860.5	188.394
861.5	166.293
862.5	151.931
863.5	142.18
864.5	155.376
865.5	184.125
866.5	202.822
867.5	210.487
868.5	213.058
869.5	209.62
870.5	217.291
871.5	229.108
872.5	215.648
873.5	209.448
874.5	207.768
875.5	182.463
876.5	178.151
877.5	178.602
878.5	186.922
879.5	173.216
880.5	154.517
881.5	143.988
882.5	151.627
883.5	163.639
884.5	172.593
885.5	192.721
886.5	179.024
887.5	166.407
888.5	150.674
889.5	157.498
890.5	183.441
891.5	198.59
892.5	204.804
893.5	207.122
894.5	210.699
895.5	183.6
896.5	194.576
897.5	204.608
898.5	201.884
899.5	206.591
900.5	184.485
901.5	188.385
902.5	205.87
903.5	195.286
904.5	177.751
905.5	173.9
906.5	176.417
907.5	184.387
908.5	197.431
909.5	188.809
910.5	189.477
911.5	163.897
912.5	153.881
913.5	139.546
914.5	155.44
915.5	177.204
916.5	175.588
917.5	167.774
918.5	167.366
919.5	187.114
920.5	193.312
921.5	208.375
922.5	200.749
923.5	223.361
924.5	207.896
925.5	208.692
926.5	211.671
927.5	221.707
928.5	222.022
929.5	219.886
930.5	233.052
931.5	219.991
932.5	215.684
933.5	215.175
934.5	209.583
935.5	201.456
936.5	188.081
937.5	194.284
938.5	183.464
939.5	156.518
940.5	145.943
941.5	138.98
942.5	129.326
943.5	134.432
944.5	144.351
945.5	136.151
946.5	129.027
947.5	119.452
948.5	138.199
949.5	138.049
950.5	153.427
951.5	167.538
952.5	194.236
953.5	181.246
954.5	179.257
955.5	202.362
956.5	228.085
957.5	238.884
958.5	219.118
959.5	246.262
960.5	221.989
961.5	221.686
962.5	208.988
963.5	218.182
964.5	208.649
965.5	185.889
966.5	185.19
967.5	158.865
968.5	182.172
969.5	163.572
970.5	172.683
971.5	175.015
972.5	180.922
973.5	180.492
974.5	196.025
975.5	199.589
976.5	199.577
977.5	218.758
978.5	195.15
979.5	207.927
980.5	221.4
981.5	205.672
982.5	190.089
983.5	186.852
984.5	200.192
985.5	217.382
986.5	205.857
987.5	203.618
988.5	227.095
989.5	236.688
990.5	226.339
991.5	259.033
992.5	277.685
993.5	256.393
994.5	226.687
995.5	212.287
996.5	222.008
997.5	204.657
998.5	203.784
999.5	180.036
1000.5	176.216
1001.5	166.446
1002.5	160.166
1003.5	197.235
1004.5	218.105
1005.5	211.408
1006.5	211.017
1007.5	212.54
1008.5	203.746
1009.5	226.583
1010.5	232.749
1011.5	229.322
1012.5	211.899
1013.5	206.578
1014.5	195.391
1015.5	197.388
1016.5	195.842
1017.5	223.613
1018.5	222.061
1019.5	214.444
1020.5	200.887
1021.5	210.154
1022.5	217.44
1023.5	213.715
1024.5	210.513
1025.5	238.462
1026.5	242.726
1027.5	234.43
1028.5	250.745
1029.5	248.754
1030.5	268.633
1031.5	256.035
1032.5	267.828
1033.5	275.15
1034.5	306.052
1035.5	305.606
1036.5	284.834
1037.5	284.323
1038.5	276.394
1039.5	272.32
1040.5	266.202
1041.5	278.797
1042.5	285.294
1043.5	277.693
1044.5	267.33
1045.5	237.198
1046.5	229.634
1047.5	241.638
1048.5	216.393
1049.5	217.856
1050.5	215.901
1051.5	205.741
1052.5	196.245
1053.5	171.852
1054.5	152.963
1055.5	155.578
1056.5	183.703
1057.5	169.284
1058.5	194.405
1059.5	180.49
1060.5	200.697
1061.5	185.231
1062.5	180.575
1063.5	207.364
1064.5	227.16
1065.5	237.779
1066.5	223.323
1067.5	224.926
1068.5	227.192
1069.5	252.215
1070.5	249.879
1071.5	274.506
1072.5	265.021
1073.5	245.428
1074.5	232.941
1075.5	243.83
1076.5	245.533
1077.5	247.796
1078.5	252.296
1079.5	251.379
1080.5	230.021
1081.5	214.331
1082.5	231.865
1083.5	231.257
1084.5	248.053
1085.5	235.905
1086.5	230.07
1087.5	222.837
1088.5	212.778
1089.5	214.387
1090.5	200.124
1091.5	215.2
1092.5	219.948
1093.5	232.606
1094.5	213.016
1095.5	195.183
1096.5	213.446
1097.5	230.267
1098.5	211.637
1099.5	204.035
1100.5	211.568
1101.5	185.817
1102.5	188.936
1103.5	180.801
1104.5	196.02
1105.5	215.502
1106.5	207.52
1107.5	196.792
1108.5	194.455
1109.5	195.885
1110.5	201.853
1111.5	224.773
1112.5	214.978
1113.5	214.957
1114.5	201.298
1115.5	207.125
1116.5	203.662
1117.5	209.136
1118.5	232.844
1119.5	247.047
1120.5	258.714
1121.5	261.81
1122.5	243.551
1123.5	244.914
1124.5	257.565
1125.5	262.709
1126.5	277.029
1127.5	276.204
1128.5	271.022
1129.5	265.183
1130.5	271.247
1131.5	267.062
1132.5	280.555
1133.5	288.025
1134.5	289.853
1135.5	276.813
1136.5	259.212
1137.5	236.146
1138.5	241.863
1139.5	213.764
1140.5	193.224
1141.5	182.51
1142.5	184.65
1143.5	189.299
1144.5	165.096
1145.5	157.407
1146.5	169.603
1147.5	196.634
1148.5	178.135
1149.5	194.621
1150.5	216.15
1151.5	214.509
1152.5	219.507
1153.5	220.472
1154.5	215.16
1155.5	227.349
1156.5	223.963
1157.5	202.078
1158.5	222.004
1159.5	229.177
1160.5	231.749
1161.5	243.491
1162.5	241.835
1163.5	255.112
1164.5	258.765
1165.5	258.882
1166.5	247.34
1167.5	275.173
1168.5	265.166
1169.5	260.796
1170.5	251.165
1171.5	241.078
1172.5	229.081
1173.5	213.597
1174.5	220.036
1175.5	224.043
1176.5	232.218
1177.5	222.371
1178.5	233.19
1179.5	227.392
1180.5	229.69
1181.5	215.255
1182.5	221.061
1183.5	195.952
1184.5	193.525
1185.5	195.376
1186.5	217.794
1187.5	213.713
1188.5	209.956
1189.5	216.702
1190.5	215.782
1191.5	242.491
1192.5	249.321
1193.5	286.111
1194.5	294.37
1195.5	269.798
1196.5	259.278
1197.5	239.138
1198.5	226.477
1199.5	219.84
1200.5	207.714
1201.5	208.794
1202.5	198.537
1203.5	190.316
1204.5	210.297
1205.5	218.353
1206.5	207.011
1207.5	229.484
1208.5	254.374
1209.5	261.458
1210.5	273.804
1211.5	255.887
1212.5	274.817
1213.5	257.367
1214.5	254.393
1215.5	250.507
1216.5	257.831
1217.5	247.697
1218.5	246.769
1219.5	248.025
1220.5	234.186
1221.5	261.364
1222.5	242.801
1223.5	236.173
1224.5	235.211
1225.5	239.521
1226.5	219.508
1227.5	224.018
1228.5	201.07
1229.5	205.332
1230.5	211.904
1231.5	192.995
1232.5	201.822
1233.5	216.988
1234.5	215.414
1235.5	220.141
1236.5	231.343
1237.5	228.446
1238.5	220.719
1239.5	218.312
1240.5	225.354
1241.5	215.225
1242.5	218.232
1243.5	200.373
1244.5	171.028
1245.5	174.282
1246.5	179.351
1247.5	187.409
1248.5	204.047
1249.5	198.455
1250.5	206.637
1251.5	213.56
1252.5	209.995
1253.5	222.529
1254.5	242.214
1255.5	257.431
1256.5	254.07
1257.5	254.981
1258.5	264.908
1259.5	245.298
1260.5	226.941
1261.5	228.711
1262.5	246.992
1263.5	263.747
1264.5	254.441
1265.5	238.265
1266.5	249.461
1267.5	236.388
1268.5	233.325
1269.5	267.059
1270.5	281.371
1271.5	294.07
1272.5	279.68
1273.5	258.331
1274.5	261.091
1275.5	256.955
1276.5	257.036
1277.5	268.192
1278.5	272.705
1279.5	256.441
1280.5	258.119
1281.5	255.77
1282.5	267.145
1283.5	273.975
1284.5	281.351
1285.5	266.894
1286.5	260.381
1287.5	261.862
1288.5	252.663
1289.5	268.457
1290.5	259.872
1291.5	258.191
1292.5	226.655
1293.5	238.396
1294.5	247.302
1295.5	261.932
1296.5	257.134
1297.5	258.649
1298.5	243.624
1299.5	225.102
1300.5	232.656
1301.5	226.667
1302.5	244.661
1303.5	243.772
1304.5	215.764
1305.5	217.103
1306.5	238.325
1307.5	235.319
1308.5	259.999
1309.5	279.099
1310.5	249.794
1311.5	248.016
1312.5	259.57
1313.5	270.046
1314.5	290.1
1315.5	308.864
1316.5	298.212
1317.5	298.977
1318.5	293.123
1319.5	298.883
1320.5	295.472
1321.5	305.806
1322.5	317.381
1323.5	306.044
1324.5	291.866
1325.5	295.412
1326.5	298.091
1327.5	296.858
1328.5	286.178
1329.5	266.056
1330.5	275.086
1331.5	268.881
1332.5	245.454
1333.5	226.688
1334.5	238.446
1335.5	221.775
1336.5	230.525
1337.5	232.488
1338.5	236.707
1339.5	241.597
1340.5	271.795
1341.5	256.781
1342.5	240.691
1343.5	270.235
1344.5	253.164
1345.5	232.722
1346.5	211.888
1347.5	195.806
1348.5	208.884
1349.5	199.904
1350.5	191.793
1351.5	204.843
1352.5	207.79
1353.5	199.69
1354.5	206.659
1355.5	233.385
1356.5	243.696
1357.5	248.408
1358.5	217.423
1359.5	227.988
1360.5	217.023
1361.5	224.541
1362.5	244.107
1363.5	237.519
1364.5	263.899
1365.5	249.711
1366.5	252.094
1367.5	259.667
1368.5	281.984
1369.5	261.197
1370.5	267.333
1371.5	264.798
1372.5	236.824
1373.5	227.807
1374.5	196.372
1375.5	208.89
1376.5	208.114
1377.5	191.946
1378.5	194.743
1379.5	189.487
1380.5	187.432
1381.5	178.321
1382.5	199.085
1383.5	205.505
1384.5	224.826
1385.5	222.55
1386.5	202.492
1387.5	226.709
1388.5	205.399
1389.5	227.556
1390.5	216.403
1391.5	226.574
1392.5	233.039
1393.5	245.58
1394.5	231.016
1395.5	237.338
1396.5	251.298
1397.5	256.209
1398.5	251.894
1399.5	248.655
1400.5	254.471
1401.5	227.689
1402.5	227.978
1403.5	221.042
1404.5	230.832
1405.5	214.836
1406.5	216.783
1407.5	221.53
1408.5	257.933
1409.5	256.559
1410.5	270.444
1411.5	303.443
1412.5	291.001
1413.5	290.572
1414.5	302.45
1415.5	295.81
1416.5	285.281
1417.5	261.056
1418.5	227.662
1419.5	217.955
1420.5	192.229
1421.5	185.81
1422.5	198.235
1423.5	207.381
1424.5	182.337
1425.5	186.217
1426.5	209.57
1427.5	215.816
1428.5	250.169
1429.5	263.329
1430.5	282.825
1431.5	281.427
1432.5	285.365
1433.5	258.084
1434.5	283.996
1435.5	277.023
1436.5	265.136
1437.5	254.963
1438.5	231.439
1439.5	245.058
1440.5	228.793
1441.5	228.093
1442.5	200.513
1443.5	203.352
1444.5	195.921
1445.5	216.582
1446.5	207.044
1447.5	221.147
1448.5	213.929
1449.5	211.703
1450.5	205.716
1451.5	204.291
1452.5	219.348
1453.5	241.587
1454.5	247.431
1455.5	229.902
1456.5	234.969
1457.5	234.355
1458.5	253.113
1459.5	244.313
1460.5	270.274
1461.5	264.296
1462.5	274.784
1463.5	261.252
1464.5	266.368
1465.5	285.289
1466.5	282.399
1467.5	284.463
1468.5	262.451
1469.5	247.916
1470.5	244.632
1471.5	228.926
1472.5	225.029
1473.5	209.133
1474.5	185.216
1475.5	190.03
1476.5	184.686
1477.5	168.921
1478.5	193.099
1479.5	209.783
1480.5	213.042
1481.5	245.074
1482.5	249.152
1483.5	268.143
1484.5	259.618
1485.5	249.127
1486.5	271.321
1487.5	283.342
1488.5	294.989
1489.5	298.126
1490.5	299.469
1491.5	275.231
1492.5	267.223
1493.5	266.397
1494.5	295.505
1495.5	298.233
1496.5	275.542
1497.5	265.303
1498.5	258.639
1499.5	270.644
1500.5	281.067
1501.5	276.619
1502.5	271.041
1503.5	282.181
1504.5	286.6
1505.5	286.338
1506.5	314.302
1507.5	340.398
1508.5	345.98
1509.5	326.666
1510.5	324.882
1511.5	350.586
1512.5	367.313
1513.5	362.323
1514.5	348.442
1515.5	348.496
1516.5	315.438
1517.5	284.053
1518.5	249.117
1519.5	256.577
1520.5	242.185
1521.5	226.186
1522.5	201.527
1523.5	207.308
1524.5	211.513
1525.5	212.27
1526.5	220.863
1527.5	232.109
1528.5	263.034
1529.5	243.761
1530.5	245.865
1531.5	259.924
1532.5	257.701
1533.5	240.313
1534.5	246.374
1535.5	254.153
1536.5	281.533
1537.5	281.981
1538.5	268.722
1539.5	292.851
1540.5	287.074
1541.5	272.14
1542.5	266.724
1543.5	285.255
1544.5	283.638
1545.5	267.898
1546.5	255.741
1547.5	272.694
1548.5	272.268
1549.5	242.869
1550.5	255.173
1551.5	279.567
1552.5	315.362
1553.5	311.848
1554.5	292.671
1555.5	319.013
1556.5	283.836
1557.5	252.346
1558.5	241.945
1559.5	260.739
1560.5	257.004
1561.5	249.529
1562.5	241.881
1563.5	248.425
1564.5	245.673
1565.5	200.863
1566.5	211.78
1567.5	229.773
1568.5	249.988
1569.5	255.617
1570.5	248.221
1571.5	263.426
1572.5	271.896
1573.5	255.243
1574.5	249.484
1575.5	279.39
1576.5	277.984
1577.5	286.073
1578.5	278.225
1579.5	269.414
1580.5	270.165
1581.5	250.786
1582.5	230.312
1583.5	240.448
1584.5	254.361
1585.5	235.781
1586.5	241.267
1587.5	241.648
1588.5	243.435
1589.5	223.595
1590.5	205.887
1591.5	207.413
1592.5	205.686
1593.5	191.826
1594.5	189.313
1595.5	214.463
1596.5	231.932
1597.5	232.91
1598.5	233.245
1599.5	234.231
1600.5	253.555
1601.5	247.659
1602.5	266.163
1603.5	271.642
1604.5	291.088
1605.5	277.137
1606.5	279.939
1607.5	245.686
1608.5	251.432
1609.5	269.13
1610.5	268.568
1611.5	263.512
1612.5	242.93
1613.5	250.633
1614.5	215.615
1615.5	217.943
1616.5	207.731
1617.5	231.771
1618.5	227.435
1619.5	231.006
1620.5	227.076
1621.5	240.314
1622.5	253.8
1623.5	271.629
1624.5	298.489
1625.5	278.955
1626.5	255.507
1627.5	258.61
1628.5	258.566
1629.5	257.176
1630.5	252.913
1631.5	257.92
1632.5	265.294
1633.5	244.535
1634.5	261.621
1635.5	263.062
1636.5	297.067
1637.5	278.547
1638.5	278.797
1639.5	289.147
1640.5	288.781
1641.5	267.527
1642.5	243.684
1643.5	233.696
1644.5	208.286
1645.5	234.587
1646.5	229.518
1647.5	255.677
1648.5	252.804
1649.5	243.516
1650.5	230.692
1651.5	259.267
1652.5	287.551
1653.5	276.563
1654.5	271.959
1655.5	266.21
1656.5	250.478
1657.5	253.616
1658.5	240.497
1659.5	260.205
1660.5	279.688
1661.5	281.859
1662.5	281.686
1663.5	288.623
1664.5	280.866
1665.5	289.857
1666.5	317.566
1667.5	299.534
1668.5	303.651
1669.5	282.179
1670.5	295.314
1671.5	286.53
1672.5	285.755
1673.5	306.271
1674.5	334.67
1675.5	304.462
1676.5	309.547
1677.5	334.754
1678.5	359.524
1679.5	350.081
1680.5	339.931
1681.5	305.693
1682.5	302.716
1683.5	287.547
1684.5	284.393
1685.5	290.611
1686.5	291.144
1687.5	258.377
1688.5	251.416
1689.5	248.526
1690.5	247.355
1691.5	286.664
1692.5	282.289
1693.5	267.231
1694.5	248.86
1695.5	275.845
1696.5	234.749
1697.5	253.806
1698.5	245.778
1699.5	249.058
1700.5	266.551
1701.5	233.996
1702.5	225.173
1703.5	252.596
1704.5	262.541
1705.5	247.486
1706.5	248.571
1707.5	239.139
1708.5	260.859
1709.5	274.362
1710.5	239.025
1711.5	269.324
1712.5	279.495
1713.5	271.892
1714.5	282.442
1715.5	291.778
1716.5	307.834
1717.5	315.256
1718.5	283.045
1719.5	294.176
1720.5	328.725
1721.5	324.378
1722.5	325.811
1723.5	330.574
1724.5	319.796
1725.5	310.284
1726.5	309.277
1727.5	298.73
1728.5	302.405
1729.5	299.458
1730.5	277.055
1731.5	282.301
1732.5	280.397
1733.5	253.387
1734.5	246.855
1735.5	249.615
1736.5	228.86
1737.5	213.485
1738.5	213.947
1739.5	222.193
1740.5	241.722
1741.5	219.047
1742.5	223.508
1743.5	257.048
1744.5	270.208
1745.5	280.954
1746.5	318.864
1747.5	346.377
1748.5	356.293
1749.5	318.844
1750.5	312.953
1751.5	325.55
1752.5	320.87
1753.5	303.514
1754.5	303.368
1755.5	295.278
1756.5	266.958
1757.5	264.883
1758.5	254.958
1759.5	275.447
1760.5	248.375
1761.5	227.682
1762.5	233.762
1763.5	227.402
1764.5	235.173
1765.5	242.804
1766.5	231.163
1767.5	225.47
1768.5	247.429
1769.5	252.118
1770.5	289.449
1771.5	311.09
1772.5	305.694
1773.5	307.652
1774.5	306.52
1775.5	280.167
1776.5	317.148
1777.5	306.363
1778.5	289.103
1779.5	293.624
1780.5	272.059
1781.5	283.05
1782.5	260.769
1783.5	281.14
1784.5	261.905
1785.5	281.878
1786.5	276.868
1787.5	287.179
1788.5	280.046
1789.5	263.369
1790.5	253.409
1791.5	239.004
1792.5	270.453
1793.5	266.769
1794.5	267.235
1795.5	277.442
1796.5	271.414
1797.5	290.95
1798.5	306.077
1799.5	325.439
1800.5	342.941
1801.5	336.862
1802.5	323.079
1803.5	321.662
1804.5	325.176
1805.5	300.412
1806.5	297.902
1807.5	277.533
1808.5	267.606
1809.5	231.637
1810.5	221.431
1811.5	224.28
1812.5	235.734
1813.5	224.554
1814.5	238.551
1815.5	260.952
1816.5	264.727
1817.5	249
1818.5	242.118
1819.5	254.263
1820.5	254.407
1821.5	265.215
1822.5	252.916
1823.5	258.145
1824.5	241.289
1825.5	224.825
1826.5	217.829
1827.5	225.319
1828.5	235.476
1829.5	237.452
1830.5	236.014
1831.5	207.128
1832.5	205.209
1833.5	206.006
1834.5	232.538
1835.5	227.797
1836.5	228.228
1837.5	236.986
1838.5	236.603
1839.5	246.515
1840.5	246.699
1841.5	270.148
1842.5	273.792
1843.5	282.153
1844.5	273.996
1845.5	269.216
1846.5	281.469
1847.5	273.062
1848.5	283.127
1849.5	290.597
1850.5	283.265
1851.5	293.503
1852.5	297.025
1853.5	286.69
1854.5	301.28
1855.5	299.248
1856.5	301.17
1857.5	321.462
1858.5	313.051
1859.5	291.734
1860.5	303.808
1861.5	287.396
1862.5	288.787
1863.5	300.495
1864.5	273.765
1865.5	313.831
1866.5	295.504
1867.5	308.563
1868.5	299.297
1869.5	304.054
1870.5	323.771
1871.5	335.843
1872.5	318.199
1873.5	297.201
1874.5	318.659
1875.5	295.184
1876.5	311.058
1877.5	313.595
1878.5	321.35
1879.5	330.451
1880.5	306.602
1881.5	318.127
1882.5	346.368
1883.5	347.139
1884.5	338.148
1885.5	361.686
1886.5	367.032
1887.5	362.63
1888.5	369.821
1889.5	366.559
1890.5	379.218
1891.5	367.244
1892.5	348.724
1893.5	351.364
1894.5	331.659
1895.5	316.331
1896.5	281.476
1897.5	274.979
1898.5	278.126
1899.5	273.012
1900.5	278.193
1901.5	280.476
1902.5	292.212
1903.5	309.892
1904.5	319.518
1905.5	336.114
1906.5	350.773
1907.5	314.269
1908.5	315.322
1909.5	307.525
1910.5	310.551
1911.5	308.237
1912.5	309.687
1913.5	313.428
1914.5	303.076
1915.5	283.142
1916.5	298.193
1917.5	342.436
1918.5	342.997
1919.5	350.937
1920.5	341.592
1921.5	334.34
1922.5	334.579
1923.5	305.389
1924.5	334.496
1925.5	342.649
1926.5	341.113
1927.5	316.712
1928.5	316.837
1929.5	337.629
1930.5	330.662
1931.5	328.228
1932.5	315.362
1933.5	350.875
1934.5	343.801
1935.5	327.674
1936.5	309.288
1937.5	296.438
1938.5	304.775
1939.5	309.239
1940.5	315.35
1941.5	325.96
1942.5	329.06
1943.5	292.163
1944.5	280.161
1945.5	296.892
1946.5	293.791
1947.5	304.96
1948.5	290.951
1949.5	280.405
1950.5	272.203
1951.5	269.245
1952.5	256.825
1953.5	277.057
1954.5	265.23
1955.5	259.85
1956.5	288.586
1957.5	301.525
1958.5	303.52
1959.5	292.536
1960.5	309.943
1961.5	293.814
1962.5	310.375
1963.5	304.594
1964.5	305.26
1965.5	312.465
1966.5	310.174
1967.5	309.384
1968.5	292.136
1969.5	305.874
1970.5	303.871
1971.5	326.675
1972.5	333.53
1973.5	353.348
1974.5	372.735
1975.5	385.098
1976.5	380.583
1977.5	371.258
1978.5	386.623
1979.5	358.397
1980.5	365.018
1981.5	362.413
1982.5	348.803
1983.5	331.566
1984.5	324.383
1985.5	306.942
1986.5	297.588
1987.5	277.941
1988.5	282.045
1989.5	324.704
1990.5	293.617
1991.5	289.66
1992.5	307.459
1993.5	314.598
1994.5	321.08
1995.5	288.534
1996.5	301.713
1997.5	333.783
1998.5	331.961
1999.5	292.533
2000.5	313.57
2001.5	332.51
2002.5	302.616
2003.5	295.676
2004.5	293.354
2005.5	318.547
2006.5	327.251
2007.5	344.416
2008.5	341.526
2009.5	365.307
2010.5	351.255
2011.5	348.188
2012.5	366.154
2013.5	372.505
2014.5	375.933
2015.5	371.484
2016.5	349.255
2017.5	327.561
2018.5	336.07
2019.5	344.869
2020.5	338.196
2021.5	303.298
2022.5	306.121
2023.5	299.593
2024.5	289.643
2025.5	314.696
2026.5	315.08
2027.5	305.889
2028.5	315.931
2029.5	300.079
2030.5	313.241
2031.5	347.662
2032.5	346.049
2033.5	359.273
2034.5	340.822
2035.5	341.461
2036.5	341.927
2037.5	331.183
2038.5	301.832
2039.5	293.954
2040.5	294.115
2041.5	257.609
2042.5	251.409
2043.5	228.726
2044.5	258.187
2045.5	221.447
2046.5	224.504
2047.5	234.867
2048.5	239.157
2049.5	240.767
2050.5	257.454
2051.5	271.2
2052.5	271.575
2053.5	294.418
2054.5	267.862
2055.5	277.268
2056.5	258.341
2057.5	267.673
2058.5	265.908
2059.5	279.646
2060.5	266.146
2061.5	287.859
2062.5	293.038
2063.5	293.205
2064.5	331.555
2065.5	332.803
2066.5	376.83
2067.5	369.118
2068.5	374.7
2069.5	356.135
2070.5	371.047
2071.5	356.108
2072.5	376.341
2073.5	344.788
2074.5	336.632
2075.5	344.081
2076.5	315.237
2077.5	345.688
2078.5	352.707
2079.5	366.005
2080.5	367.401
2081.5	365.285
2082.5	332.858
2083.5	351.893
2084.5	341.552
2085.5	323.184
2086.5	337.297
2087.5	316.134
2088.5	328.921
2089.5	325.219
2090.5	313.022
2091.5	314.379
2092.5	330.999
2093.5	347.695
2094.5	353.51
2095.5	356.007
2096.5	352.141
2097.5	357.75
2098.5	330.109
2099.5	341.516
2100.5	340.783
2101.5	355.158
2102.5	358.052
2103.5	351.411
2104.5	354.559
2105.5	380.612
2106.5	371.933
2107.5	353.949
2108.5	371.465
2109.5	363.607
2110.5	352.152
2111.5	347.747
2112.5	320.038
2113.5	327.745
2114.5	322.503
2115.5	315.596
2116.5	328.645
2117.5	320.469
2118.5	312.12
2119.5	324.853
2120.5	325.372
2121.5	327.375
2122.5	349.545
2123.5	347.486
2124.5	331.543
2125.5	317.323
2126.5	300.069
2127.5	325.942
2128.5	341.897
2129.5	329.558
2130.5	349.107
2131.5	345.29
2132.5	334.898
2133.5	333.25
2134.5	349.454
2135.5	346.334
2136.5	352.027
2137.5	324.891
2138.5	304.79
2139.5	313.136
2140.5	320.094
2141.5	320.795
2142.5	337.257
2143.5	351.389
2144.5	336.346
2145.5	349.642
2146.5	363.646
2147.5	377.836
2148.5	381.081
2149.5	378.614
2150.5	344.301
2151.5	326.285
2152.5	337.745
2153.5	293.814
2154.5	297.818
2155.5	307.739
2156.5	309.518
2157.5	309.747
2158.5	312.451
2159.5	308.372
2160.5	323.151
2161.5	334.591
2162.5	313.468
2163.5	344.673
2164.5	350.838
2165.5	347.973
2166.5	340.019
2167.5	329.985
2168.5	331.395
2169.5	341.781
2170.5	347.522
2171.5	335.683
2172.5	345.968
2173.5	336.077
2174.5	312.457
2175.5	310.327
2176.5	315.137
2177.5	327.155
2178.5	324.285
2179.5	300.45
2180.5	302.378
2181.5	336.313
2182.5	315.016
2183.5	326.12
2184.5	334.392
2185.5	342.883
2186.5	336.763
2187.5	327.459
2188.5	339.683
2189.5	351.584
2190.5	339.625
2191.5	328.816
2192.5	343.825
2193.5	329.42
2194.5	355.837
2195.5	365.781
2196.5	354.636
2197.5	382.894
2198.5	369.66
2199.5	383.474
2200.5	383.666
2201.5	368.728
2202.5	341.257
2203.5	351.945
2204.5	363.343
2205.5	325.182
2206.5	338.699
2207.5	335.873
2208.5	323.916
2209.5	326.413
2210.5	325.699
2211.5	324.384
2212.5	342.02
2213.5	324.702
2214.5	313.058
2215.5	323.089
2216.5	301.424
2217.5	303.815
2218.5	316.758
2219.5	302.405
2220.5	285.546
2221.5	303.921
2222.5	316.655
2223.5	325.529
2224.5	315.947
2225.5	320.561
2226.5	323.967
2227.5	331.53
2228.5	330.885
2229.5	339.339
2230.5	364.043
2231.5	350.785
2232.5	331.262
2233.5	332.591
2234.5	328.408
2235.5	305.553
2236.5	308.35
2237.5	282.581
2238.5	272.053
2239.5	263.969
2240.5	284.121
2241.5	279.446
2242.5	278.823
2243.5	279.559
2244.5	295.376
2245.5	345.056
2246.5	358.911
2247.5	379.653
2248.5	401.029
2249.5	413.529
2250.5	398.992
2251.5	405.021
2252.5	442.339
2253.5	443.966
2254.5	438.796
2255.5	404.268
2256.5	415.388
2257.5	405.822
2258.5	403.821
2259.5	397.035
2260.5	384.057
2261.5	360.677
2262.5	349.723
2263.5	370.15
2264.5	361.041
2265.5	387.508
2266.5	365.067
2267.5	364.732
2268.5	358.585
2269.5	353.254
2270.5	358.32
2271.5	387.769
2272.5	383.419
2273.5	370.703
2274.5	368.63
2275.5	343.337
2276.5	367.248
2277.5	360.884
2278.5	346.7
2279.5	342.498
2280.5	363.004
2281.5	353.274
2282.5	349.034
2283.5	331.454
2284.5	331.098
2285.5	352.633
2286.5	342.831
2287.5	350.172
2288.5	351.836
2289.5	363.665
2290.5	347.706
2291.5	356.786
2292.5	345.717
2293.5	366.596
2294.5	360.433
2295.5	344.322
2296.5	336.793
2297.5	345.785
2298.5	338.049
2299.5	333.806
2300.5	342.282
2301.5	344.845
2302.5	358.88
2303.5	349.501
2304.5	353.369
2305.5	341.795
2306.5	346.885
2307.5	304.957
2308.5	323.345
2309.5	317.416
2310.5	312.239
2311.5	305.147
2312.5	284.404
2313.5	303.522
2314.5	305.398
2315.5	320.051
2316.5	316.652
2317.5	356.926
2318.5	348.585
2319.5	362.017
2320.5	358.603
2321.5	361.069
2322.5	397.811
2323.5	369.512
2324.5	382.298
2325.5	375.821
2326.5	372.366
2327.5	351.457
2328.5	354.28
2329.5	353.722
2330.5	336.376
2331.5	339.462
2332.5	326.984
2333.5	350.386
2334.5	361.57
2335.5	350.736
2336.5	367.241
2337.5	384.591
2338.5	392.549
2339.5	390.316
2340.5	406.822
2341.5	406.368
2342.5	395.92
2343.5	372.742
2344.5	371.661
2345.5	406.019
2346.5	385.689
2347.5	371.174
2348.5	370.736
2349.5	376.918
2350.5	371.478
2351.5	346.738
2352.5	360.27
2353.5	367.442
2354.5	357.963
2355.5	339.264
2356.5	354.657
2357.5	354.118
2358.5	346.711
2359.5	314.615
2360.5	325.848
2361.5	339.835
2362.5	331.788
2363.5	353.114
2364.5	368.16
2365.5	374.827
2366.5	371.241
2367.5	385.825
2368.5	396.039
2369.5	431.339
2370.5	409.605
2371.5	401.296
2372.5	404.105
2373.5	369.534
2374.5	359.762
2375.5	362.657
2376.5	352.611
2377.5	336.389
2378.5	333.533
2379.5	333.747
2380.5	334.307
2381.5	326.39
2382.5	330.197
2383.5	346.92
2384.5	337.438
2385.5	311.519
2386.5	337.832
2387.5	359.257
2388.5	353.617
2389.5	330.329
2390.5	360.34
2391.5	392.868
2392.5	391.59
2393.5	392.913
2394.5	382.012
2395.5	380.458
2396.5	364.207
2397.5	357.195
2398.5	339.277
2399.5	352.872
2400.5	342.417
2401.5	314.787
2402.5	307.871
2403.5	296.971
2404.5	282.86
2405.5	311.357
2406.5	320.901
2407.5	322.61
2408.5	336.32
2409.5	337.264
2410.5	345.95
2411.5	352.127
2412.5	364.166
2413.5	351.979
2414.5	390.284
2415.5	364.672
2416.5	353.205
2417.5	324.406
2418.5	337.477
2419.5	320.864
2420.5	300.864
2421.5	306.177
2422.5	305.42
2423.5	307.688
2424.5	295.034
2425.5	338.346
2426.5	350.814
2427.5	374.995
2428.5	378.704
2429.5	401.266
2430.5	418.372
2431.5	425.656
2432.5	411.407
2433.5	444.922
2434.5	436.626
2435.5	420.9
2436.5	408.452
2437.5	394.551
2438.5	383.656
2439.5	377.267
2440.5	381.299
2441.5	387.19
2442.5	388.975
2443.5	366.328
2444.5	375.215
2445.5	367.261
2446.5	389.42
2447.5	423.75
2448.5	432.514
2449.5	443.858
2450.5	433.003
2451.5	435.86
2452.5	416.971
2453.5	414.581
2454.5	424.453
2455.5	421.312
2456.5	405.742
2457.5	371.08
2458.5	380.967
2459.5	380.108
2460.5	381.104
2461.5	371.222
2462.5	396.006
2463.5	391.596
2464.5	380.009
2465.5	391.736
2466.5	400.108
2467.5	416.692
2468.5	404.716
2469.5	378.094
2470.5	397.632
2471.5	374.453
2472.5	352.411
2473.5	367.732
2474.5	356.921
2475.5	348.061
2476.5	325.652
2477.5	337.566
2478.5	329.616
2479.5	353.922
2480.5	339.545
2481.5	382.354
2482.5	398.582
2483.5	409.55
2484.5	437.605
2485.5	437.078
2486.5	462.189
2487.5	453.406
2488.5	447.987
2489.5	429.849
2490.5	422.179
2491.5	406.522
2492.5	394.73
2493.5	375.26
2494.5	371.922
2495.5	378.561
2496.5	363.13
2497.5	340.266
2498.5	347.661
2499.5	375.742
2500.5	385.984
2501.5	383.288
2502.5	385.218
2503.5	394.196
2504.5	391.24
2505.5	376.102
2506.5	357.104
2507.5	358.862
2508.5	378.934
2509.5	369.791
2510.5	365.746
2511.5	350.269
2512.5	377.211
2513.5	378.577
2514.5	365.278
2515.5	371.278
2516.5	396.529
2517.5	417.838
2518.5	386.74
2519.5	381.917
2520.5	387.223
2521.5	416.079
2522.5	414.932
2523.5	401.632
2524.5	412.018
2525.5	398.446
2526.5	392.202
2527.5	371.437
2528.5	406.048
2529.5	376.678
2530.5	355.619
2531.5	341.637
2532.5	320.191
2533.5	329
2534.5	331.19
2535.5	345.92
2536.5	361.075
2537.5	379.683
2538.5	344.091
2539.5	366.575
2540.5	378.867
2541.5	403.557
2542.5	406.677
2543.5	431.341
2544.5	401.381
2545.5	402.612
2546.5	414.53
2547.5	403.017
2548.5	420.147
2549.5	433.688
2550.5	425.298
2551.5	389.098
2552.5	413.174
2553.5	399.117
2554.5	409.824
2555.5	412.273
2556.5	387.1
2557.5	387.661
2558.5	407.869
2559.5	409.039
2560.5	417.561
2561.5	427.184
2562.5	420.017
2563.5	422.073
2564.5	441.254
2565.5	451.539
2566.5	466.574
2567.5	472.403
2568.5	456.508
2569.5	440.232
2570.5	445.681
2571.5	456.8
2572.5	437.884
2573.5	424.134
2574.5	405.599
2575.5	402.72
2576.5	396.355
2577.5	408.749
2578.5	399.303
2579.5	402.455
2580.5	417.171
2581.5	393.829
2582.5	413.175
2583.5	424.622
2584.5	450.195
2585.5	446.77
2586.5	444.022
2587.5	436.605
2588.5	437.785
2589.5	437.727
2590.5	417.592
2591.5	449.069
2592.5	437.115
2593.5	415.868
2594.5	383.484
2595.5	366.99
2596.5	365.794
2597.5	343.457
2598.5	337.74
2599.5	319.972
2600.5	338.698
2601.5	322.111
2602.5	301.58
2603.5	322.001
2604.5	327.691
2605.5	349.632
2606.5	340.038
2607.5	351.22
2608.5	379.134
2609.5	384.93
2610.5	385.075
2611.5	375.413
2612.5	376.031
2613.5	358.764
2614.5	383.97
2615.5	375.958
2616.5	371.359
2617.5	361.359
2618.5	337.078
2619.5	346.281
2620.5	319.858
2621.5	314.124
2622.5	329.206
2623.5	358.27
2624.5	332.721
2625.5	344.067
2626.5	360.789
2627.5	362.491
2628.5	381.329
2629.5	381.105
2630.5	397.916
2631.5	420.082
2632.5	403.196
2633.5	375.271
2634.5	379.218
2635.5	380.249
2636.5	392.133
2637.5	381.354
2638.5	370.709
2639.5	364.574
2640.5	337.958
2641.5	336.069
2642.5	370.969
2643.5	378.165
2644.5	396.195
2645.5	402.325
2646.5	378.152
2647.5	417.388
2648.5	405.295
2649.5	421.619
2650.5	437.842
2651.5	430.676
2652.5	423.322
2653.5	440.004
2654.5	443.347
2655.5	405.67
2656.5	413.893
2657.5	388.124
2658.5	411.558
2659.5	411.918
2660.5	406.031
2661.5	415.133
2662.5	415.503
2663.5	380.263
2664.5	364.757
2665.5	372.242
2666.5	387.406
2667.5	396.583
2668.5	367.651
2669.5	347.749
2670.5	346.344
2671.5	336.341
2672.5	323.989
2673.5	332.776
2674.5	336.632
2675.5	326.202
2676.5	314.475
2677.5	324.77
2678.5	357.947
2679.5	362.428
2680.5	377.457
2681.5	398.764
2682.5	427.48
2683.5	452.049
2684.5	467.172
2685.5	507.31
2686.5	513.793
2687.5	518.692
2688.5	512.516
2689.5	527.089
2690.5	516.975
2691.5	511.128
2692.5	477.454
2693.5	470.256
2694.5	435.772
2695.5	416.903
2696.5	403.82
2697.5	400.379
2698.5	392.452
2699.5	377.668
2700.5	392.203
2701.5	384.319
2702.5	401.853
2703.5	407.29
2704.5	407.317
2705.5	411.572
2706.5	419.731
2707.5	419.372
2708.5	405.571
2709.5	399.453
2710.5	392.871
2711.5	383.336
2712.5	385.12
2713.5	400.977
2714.5	421.593
2715.5	392.022
2716.5	391.78
2717.5	397.543
2718.5	415.918
2719.5	445.984
2720.5	435.596
2721.5	448.426
2722.5	438.77
2723.5	408.54
2724.5	387.714
2725.5	415.753
2726.5	431.131
2727.5	428.233
2728.5	417.607
2729.5	397.692
2730.5	410.095
2731.5	392.994
2732.5	415.193
2733.5	425.071
2734.5	453.9
2735.5	439.515
2736.5	391.873
2737.5	371.67
2738.5	381.813
2739.5	401.65
2740.5	408.03
2741.5	412.954
2742.5	400.587
2743.5	408.703
2744.5	403.28
2745.5	431.978
2746.5	443.764
2747.5	474.739
2748.5	474.357
2749.5	463.737
2750.5	451.935
2751.5	462.085
2752.5	449.527
2753.5	444.968
2754.5	448.26
2755.5	425.871
2756.5	450.263
2757.5	435.366
2758.5	428.114
2759.5	417.622
2760.5	404.072
2761.5	387.282
2762.5	393.991
2763.5	375.932
2764.5	376.707
2765.5	377.955
2766.5	378.214
2767.5	359.854
2768.5	353.887
2769.5	347.693
2770.5	354.315
2771.5	377.829
2772.5	377.175
2773.5	394.418
2774.5	376.352
2775.5	369.402
2776.5	373.389
2777.5	401.381
2778.5	390.31
2779.5	409.979
2780.5	404.185
2781.5	402.44
2782.5	391.057
2783.5	375.112
2784.5	388.158
2785.5	412.787
2786.5	407.059
2787.5	411.674
2788.5	426.746
2789.5	438.311
2790.5	468.958
2791.5	464.713
2792.5	488.504
2793.5	510.752
2794.5	493.163
2795.5	494.131
2796.5	489.461
2797.5	459.15
2798.5	452.45
2799.5	440.412
2800.5	424.755
2801.5	433.305
2802.5	442.199
2803.5	439.227
2804.5	460.368
2805.5	451.627
2806.5	445.306
2807.5	458.539
2808.5	460.284
2809.5	459.159
2810.5	455.035
2811.5	458.848
2812.5	441.815
2813.5	440.606
2814.5	447.278
2815.5	432.535
2816.5	428.455
2817.5	411.391
2818.5	422.612
2819.5	425.713
2820.5	444.507
2821.5	430.856
2822.5	407.081
2823.5	409.203
2824.5	411.592
2825.5	416.305
2826.5	430.748
2827.5	430.387
2828.5	423.916
2829.5	390.848
2830.5	363.331
2831.5	353.623
2832.5	388.855
2833.5	372.369
2834.5	365.08
2835.5	378.968
2836.5	376.666
2837.5	385.043
2838.5	393.239
2839.5	436.812
2840.5	430.214
2841.5	457.34
2842.5	447.992
2843.5	451.94
2844.5	451.242
2845.5	451.16
2846.5	459.491
2847.5	467.12
2848.5	473.385
2849.5	471.791
2850.5	502.447
2851.5	481.56
2852.5	473.198
2853.5	473.06
2854.5	454.118
2855.5	465.385
2856.5	449.828
2857.5	438.089
2858.5	435.199
2859.5	421.297
2860.5	420.45
2861.5	405.889
2862.5	429.809
2863.5	445.058
2864.5	458.33
2865.5	454.779
2866.5	452.337
2867.5	485.982
2868.5	494.153
2869.5	483.42
2870.5	493.165
2871.5	510.022
2872.5	481.436
2873.5	474.368
2874.5	498.19
2875.5	494.712
2876.5	509.729
2877.5	501.942
2878.5	481.703
2879.5	492.334
2880.5	480.89
2881.5	483.144
2882.5	508.923
2883.5	498.077
2884.5	491.196
2885.5	474.684
2886.5	469.579
2887.5	466.862
2888.5	495.683
2889.5	490.418
2890.5	489.171
2891.5	482.418
2892.5	470.7
2893.5	473.334
2894.5	456.144
2895.5	437.527
2896.5	432.054
2897.5	409.273
2898.5	387.003
2899.5	382.615
2900.5	390.493
2901.5	394.484
2902.5	401.669
2903.5	410.668
2904.5	410.289
2905.5	455.568
2906.5	448.577
2907.5	475.959
2908.5	500.25
2909.5	507.143
2910.5	472.873
2911.5	457.331
2912.5	438.786
2913.5	426.486
2914.5	421.774
2915.5	406.075
2916.5	430.229
2917.5	425.934
2918.5	405.374
2919.5	410.773
2920.5	446.072
2921.5	486.43
2922.5	504.539
2923.5	513.517
2924.5	509.851
2925.5	518.643
2926.5	491.562
2927.5	486.614
2928.5	477.346
2929.5	470.122
2930.5	444.604
2931.5	431.536
2932.5	419.501
2933.5	415.292
2934.5	414.451
2935.5	407.649
2936.5	424.718
2937.5	430.504
2938.5	447.54
2939.5	456.032
2940.5	478.978
2941.5	477.72
2942.5	489.968
2943.5	485.836
2944.5	482.757
2945.5	481.526
2946.5	461.875
2947.5	428.472
2948.5	423.162
2949.5	410.397
2950.5	406.42
2951.5	374.461
2952.5	355.245
2953.5	340.383
2954.5	354.838
2955.5	348.9
2956.5	370.406
2957.5	387.427
2958.5	382.661
2959.5	389.585
2960.5	376.581
2961.5	396.994
2962.5	396.817
2963.5	423.103
2964.5	448.99
2965.5	440.831
2966.5	439.1
2967.5	454.028
2968.5	433.118
2969.5	429.228
2970.5	444.212
2971.5	452.679
2972.5	478.397
2973.5	465.287
2974.5	436.578
2975.5	445.578
2976.5	455.78
2977.5	432.051
2978.5	454.536
2979.5	478.481
2980.5	486.092
2981.5	479.042
2982.5	463.097
2983.5	470.63
2984.5	491.379
2985.5	478.269
2986.5	491.28
2987.5	498.192
2988.5	487.878
2989.5	480.968
2990.5	461.925
2991.5	441.996
2992.5	432.093
2993.5	434.73
2994.5	417.391
2995.5	452.838
2996.5	437.576
2997.5	460.986
2998.5	472.267
2999.5	468.654
3000.5	477.245
3001.5	483.951
3002.5	498.504
3003.5	506.87
3004.5	489.041
3005.5	462.86
3006.5	462.32
3007.5	446.28
3008.5	458.505
3009.5	459.448
3010.5	466.176
3011.5	486.948
3012.5	489.381
3013.5	461.253
3014.5	494.417
3015.5	506.791
3016.5	513.658
3017.5	516.57
3018.5	514.908
3019.5	503.899
3020.5	497.656
3021.5	496.971
3022.5	486.645
3023.5	518.879
3024.5	499.201
3025.5	482.572
3026.5	465.693
3027.5	462.042
3028.5	446.691
3029.5	461.91
3030.5	468.904
3031.5	481.32
3032.5	470.464
3033.5	454.738
3034.5	459.01
3035.5	470.629
3036.5	457.803
3037.5	481.787
3038.5	502.033
3039.5	474.111
3040.5	459.085
3041.5	451.315
3042.5	466.474
3043.5	475.125
3044.5	488.616
3045.5	482.581
3046.5	503.933
3047.5	470.814
3048.5	443.704
3049.5	465.295
3050.5	477.61
3051.5	477.564
3052.5	483.754
3053.5	486.091
3054.5	487.9
3055.5	492.142
3056.5	488.054
3057.5	501.403
3058.5	498.393
3059.5	484.31
3060.5	474.25
3061.5	476.068
3062.5	485.082
3063.5	463.497
3064.5	454.799
3065.5	463.56
3066.5	467.722
3067.5	467.395
3068.5	495.518
3069.5	503.643
3070.5	522.351
3071.5	509.057
3072.5	500.691
3073.5	523.661
3074.5	507.07
3075.5	496.792
3076.5	484.579
3077.5	500.06
3078.5	492.801
3079.5	491.438
3080.5	471.561
3081.5	477.504
3082.5	474.427
3083.5	449.409
3084.5	469.933
3085.5	467.308
3086.5	486.668
3087.5	470.525
3088.5	467.989
3089.5	486.852
3090.5	489.892
3091.5	479.853
3092.5	497.688
3093.5	527.015
3094.5	537.1
3095.5	555.05
3096.5	522.869
3097.5	525.542
3098.5	512.5
3099.5	491.812
3100.5	486.558
3101.5	503.68
3102.5	489.806
3103.5	486.195
3104.5	463.912
3105.5	465.917
3106.5	469.872
3107.5	449.05
3108.5	442.298
3109.5	457.308
3110.5	446.646
3111.5	437.047
3112.5	432.817
3113.5	426.03
3114.5	442.699
3115.5	443.723
3116.5	470.501
3117.5	501.708
3118.5	516.402
3119.5	523.037
3120.5	544.105
3121.5	561.573
3122.5	562.041
3123.5	552.008
3124.5	559.309
3125.5	549.708
3126.5	544.613
3127.5	524.636
3128.5	514.193
3129.5	497.81
3130.5	486.392
3131.5	448.854
3132.5	448.929
3133.5	470.206
3134.5	454.814
3135.5	435.873
3136.5	424.005
3137.5	441.375
3138.5	451.812
3139.5	460.42
3140.5	465.167
3141.5	502.698
3142.5	498.1
3143.5	477.493
3144.5	461.145
3145.5	474.198
3146.5	479.6
3147.5	458.228
3148.5	479.268
3149.5	463.888
3150.5	443.832
3151.5	424.248
3152.5	438.756
3153.5	455.749
3154.5	470.913
3155.5	462.559
3156.5	471.948
3157.5	510.28
3158.5	487.434
3159.5	519.564
3160.5	553.562
3161.5	560.192
3162.5	550.243
3163.5	545.253
3164.5	550.535
3165.5	557.217
3166.5	568.09
3167.5	540.468
3168.5	541.593
3169.5	506.904
3170.5	504.611
3171.5	490.751
3172.5	500.713
3173.5	478.729
3174.5	483.837
3175.5	489.389
3176.5	469.762
3177.5	471.212
3178.5	459.042
3179.5	472.415
3180.5	467.789
3181.5	471.564
3182.5	459.238
3183.5	469.667
3184.5	460.798
3185.5	451.18
3186.5	457.673
3187.5	468.518
3188.5	490.985
3189.5	473.838
3190.5	466.604
3191.5	460.893
3192.5	446.5
3193.5	463.405
3194.5	452.9
3195.5	450.365
3196.5	432.528
3197.5	420.576
3198.5	404.814
3199.5	403.704
3200.5	412.248
3201.5	437.5
3202.5	449.069
3203.5	451.812
3204.5	448.345
3205.5	455.415
3206.5	478.896
3207.5	489.184
3208.5	514.268
3209.5	542.891
3210.5	515.78
3211.5	512.432
3212.5	521.65
3213.5	513.734
3214.5	550.641
3215.5	563.051
3216.5	571.656
3217.5	538.833
3218.5	503.805
3219.5	493.592
3220.5	523.451
3221.5	528.792
3222.5	532.594
3223.5	550.656
3224.5	523.626
3225.5	538.103
3226.5	517.374
3227.5	560.264
3228.5	571.182
3229.5	560.861
3230.5	564.982
3231.5	554.243
3232.5	568.753
3233.5	557.628
3234.5	560.351
3235.5	537.044
3236.5	526.082
3237.5	495.625
3238.5	508.758
3239.5	532.039
3240.5	512.676
3241.5	510.563
3242.5	476.883
3243.5	448.794
3244.5	459.288
3245.5	476.696
3246.5	480.573
3247.5	495.163
3248.5	493.684
3249.5	477.527
3250.5	492.702
3251.5	468.58
3252.5	471.18
3253.5	492.996
3254.5	491.016
3255.5	472.838
3256.5	473.164
3257.5	454.441
3258.5	469.054
3259.5	470.121
3260.5	441.457
3261.5	466.219
3262.5	471.56
3263.5	458.494
3264.5	421.789
3265.5	438.7
3266.5	458.683
3267.5	479.711
3268.5	485.71
3269.5	466.211
3270.5	473.161
3271.5	479.264
3272.5	488.012
3273.5	503.432
3274.5	534.777
3275.5	521.288
3276.5	515.011
3277.5	525.122
3278.5	496.267
3279.5	519.335
3280.5	550.276
3281.5	552.244
3282.5	546.756
3283.5	544.27
3284.5	522.508
3285.5	529.135
3286.5	510.489
3287.5	505.728
3288.5	520.862
3289.5	522.025
3290.5	499.266
3291.5	505.859
3292.5	511.97
3293.5	520.113
3294.5	564.041
3295.5	572.291
3296.5	606.638
3297.5	592.219
3298.5	594.42
3299.5	583.102
3300.5	596.28
3301.5	573.852
3302.5	553.807
3303.5	541.016
3304.5	514.467
3305.5	498.659
3306.5	478.189
3307.5	498.319
3308.5	486.188
3309.5	494.272
3310.5	483.362
3311.5	497.47
3312.5	524.702
3313.5	546.231
3314.5	540.509
3315.5	542.495
3316.5	536.739
3317.5	536.518
3318.5	539.598
3319.5	539.476
3320.5	545.583
3321.5	538.28
3322.5	526.074
3323.5	511.618
3324.5	500.123
3325.5	501.601
3326.5	520
3327.5	493.84
3328.5	495.168
3329.5	510.648
3330.5	488.699
3331.5	503.734
3332.5	501.394
3333.5	480.102
3334.5	496.904
3335.5	494.687
3336.5	467.599
3337.5	491.825
3338.5	482.954
3339.5	473.087
3340.5	505.433
3341.5	491.524
3342.5	481.096
3343.5	489.533
3344.5	499.284
3345.5	471.792
3346.5	495.843
3347.5	475.987
3348.5	487.301
3349.5	488.787
3350.5	481.598
3351.5	491.226
3352.5	495.147
3353.5	516.294
3354.5	520.399
3355.5	549.953
3356.5	520.463
3357.5	519.184
3358.5	511.18
3359.5	526.939
3360.5	531.923
3361.5	523.148
3362.5	526.565
3363.5	499.638
3364.5	485.912
3365.5	484.749
3366.5	517.04
3367.5	503.984
3368.5	503.121
3369.5	498.175
3370.5	475.213
3371.5	484.491
3372.5	494.165
3373.5	524.15
3374.5	512.342
3375.5	498.902
3376.5	484.557
3377.5	511.74
3378.5	524.654
3379.5	487.513
3380.5	509.565
3381.5	482.854
3382.5	481.524
3383.5	457.166
3384.5	469.327
3385.5	471.318
3386.5	467.05
3387.5	478.481
3388.5	475.825
3389.5	493.27
3390.5	496.155
3391.5	518.529
3392.5	502.659
3393.5	519.911
3394.5	521.328
3395.5	531.819
3396.5	542.243
3397.5	508.297
3398.5	506.772
3399.5	510.372
3400.5	479.251
3401.5	493.685
3402.5	517.265
3403.5	517.234
3404.5	537.506
3405.5	555.462
3406.5	566.859
3407.5	602.169
3408.5	599.623
3409.5	586.01
3410.5	591.96
3411.5	577.233
3412.5	570.767
3413.5	577.815
3414.5	567.145
3415.5	559.463
3416.5	543.835
3417.5	542.988
3418.5	547.894
3419.5	558.419
3420.5	585.951
3421.5	595.137
3422.5	590.582
3423.5	585.644
3424.5	586.487
3425.5	556.44
3426.5	562.957
3427.5	557.706
3428.5	556.328
3429.5	549.865
3430.5	540.078
3431.5	523.502
3432.5	512.191
3433.5	488.61
3434.5	482.112
3435.5	503.423
3436.5	483.561
3437.5	500.821
3438.5	476.428
3439.5	502.348
3440.5	505.965
3441.5	519.629
3442.5	536.938
3443.5	554.624
3444.5	559.94
3445.5	566.138
3446.5	561.071
3447.5	538.284
3448.5	546.597
3449.5	513.15
3450.5	487.53
3451.5	482.568
3452.5	481.586
3453.5	486.512
3454.5	490.327
3455.5	490.031
3456.5	499.923
3457.5	476.544
3458.5	488.879
3459.5	512.437
3460.5	527.934
3461.5	521.477
3462.5	513.721
3463.5	520.148
3464.5	501.642
3465.5	480.162
3466.5	495.308
3467.5	535.399
3468.5	540.515
3469.5	536.014
3470.5	561.672
3471.5	584.639
3472.5	601.746
3473.5	607.458
3474.5	622.281
3475.5	652.053
3476.5	649.402
3477.5	609.774
3478.5	606.993
3479.5	590.31
3480.5	576.996
3481.5	571.351
3482.5	564.64
3483.5	548.48
3484.5	550.025
3485.5	529.741
3486.5	517.53
3487.5	521.342
3488.5	536.534
3489.5	535.61
3490.5	531.334
3491.5	495.307
3492.5	499.7
3493.5	516.166
3494.5	529.385
3495.5	534.117
3496.5	541.959
3497.5	546.815
3498.5	526.659
3499.5	541.599
3500.5	527.182
3501.5	556.488
3502.5	556.793
3503.5	554.878
3504.5	545.548
3505.5	551.289
3506.5	549.826
3507.5	567.86
3508.5	557.941
3509.5	571.247
3510.5	587.896
3511.5	581.428
3512.5	586.526
3513.5	573.014
3514.5	562.419
3515.5	573.177
3516.5	597.376
3517.5	574.211
3518.5	590.681
3519.5	590.739
3520.5	592.458
3521.5	565.186
3522.5	562.767
3523.5	571.314
3524.5	578.992
3525.5	580.592
3526.5	554.193
3527.5	562.105
3528.5	566.85
3529.5	558.941
3530.5	559.185
3531.5	563.715
3532.5	561.285
3533.5	535.603
3534.5	546.22
3535.5	517.738
3536.5	496.854
3537.5	504.625
3538.5	487.064
3539.5	466.582
3540.5	462.68
3541.5	492.26
3542.5	496.292
3543.5	513.546
3544.5	507.743
3545.5	512.041
3546.5	534.124
3547.5	530.473
3548.5	543.87
3549.5	554.252
3550.5	535.516
3551.5	531.418
3552.5	519.258
3553.5	518.521
3554.5	500.356
3555.5	494.795
3556.5	502.225
3557.5	500.724
3558.5	503.359
3559.5	493.007
3560.5	519.846
3561.5	518.182
3562.5	504.886
3563.5	506.757
3564.5	504.662
3565.5	519.927
3566.5	529.492
3567.5	536.782
3568.5	526.328
3569.5	538.604
3570.5	531.25
3571.5	518.418
3572.5	551.481
3573.5	554.441
3574.5	571.184
3575.5	571.029
3576.5	553.211
3577.5	561.387
3578.5	561.739
3579.5	572.073
3580.5	574.136
3581.5	575.74
3582.5	543.489
3583.5	518.804
3584.5	512.019
3585.5	487.562
3586.5	513.846
3587.5	510.521
3588.5	526.686
3589.5	526.957
3590.5	508.83
3591.5	516.716
3592.5	549.787
3593.5	574.307
3594.5	569.059
3595.5	601.766
